00000000000000000000000000000000000000000000000000000111111111111111111111111111111111111111111111111111111111111111111111111111111111111111111111111111110111111111111111111111111111111111111111111111111111111111111111111111111111111111111111111111111111111
00000000000000000000000000000000000000000000000000000111111111111111111111111111111111111111111111111111111111111111111111111111111111111111111111111111111111111111111111111111111111111111111111111111111111111111111111111111111111111111111111111111111111111
00000000000000000000000000000000000000000000000000000111111111111111111111111111111111111111111111111111111111111111111111111111111111111111111111111111111111111111111111111111111111111111111111111111111111111111111111111111111111111111111111111111111111111
00000000000000000000000000000000000000000000000000000111111111111111111111111111111111111111111111111111111111111111111111111111111111111111111111111111111111111111111111111111111111111111111111111111111111111111111111111111111111111111111111111111111111111
00000000000000000000000000000000000000000000000000001111111111111111111111111111111111111111111111111111111111111111111111111111111111111111111111111111111111111111111111111111111111111111111111111111111111111111111111111111111111111111111111111111111111111
00000000000000000000000000000000000000000000000000011111111111111111111111111111111111111111111111111111111111111111111111111111111111111111111111111111111111111111111111111111111111111111111001111111111111111111111111111111111111111111111111111111111111111
00000000000000000000000000000000000000000000000000011111111111111111111111111111111111111111111111111111111111111111111111111111110000000000111111111111111111111111110000000000000000000000000000000000000011111111111111111111111111111111111111111111111111111
00000000000000000000000000000000000000000000000000011111111111111111111111111111111111111111111111111111111111111111111111111111100000000000000001111111111111111111110000000000000000000000000000000000000000011111111111111111111111111111111111111111111111111
00000000000000000000000000000000000000000000000000011111111111111111111111111111111111111111111111111111111111111111111111100000000000000000000001111111111111111111100000000000000000000000000000000000000000011111111111111111111111111111111111111111111111111
00000000000000000000000000000000000000000000000000111111111111111111111111111111111111111111111111111111111111111111100000000000000000000000000001111111111111111110000000000000000000000000000000000000000000111111111111111111111111111111111111111111111111111
00000000000000000000000000000000000000000000000000111111111111111111111111111111111111111111111111111111111111111111000000000000000000000000000000111111111111111110000000000000000000000000000000000000000000111111111111111111111111111111111111111111111111111
00000000000000000000000000000000000000000000000000111111111111111111111111111111111111111111111111111111111111111110000000000000000000000000000000111111111111111111000000000000000000000000000000000000000000111111111111111111111111111111111111111111111111111
00000000000000000000000000000000000000000000000000111111111111111111111111111111111111111111111111111111111111111000000000000000000000000000000000111111111111111100000000000000111111100000000000000000000000111111111111111111111111111111111111111111111111111
00000000000000000000000000000000000000000000000001111111111111111111111111111111111111111111111111111111111111111100000000000000000000000000000000111111111111111000000000000011111111111111111111001100000000111111111111111111111111111111111111111111111111111
00000000000000000000000000000000000000000000000001111111111111111111111111111111111111111111111111111111111111111110000000000000000000000000000001111111111111110000000000000111111111111111111111111100000000011111111111111111111111111111111111111111111111111
00000000000000000000000000000000000000000000000001111111111111111111111111111111111111111111111111111111111111111110000000000000000000000000000011111111111111100000000000001111111111111111111111111100000000011111111111111111111111111111111111111111111111111
00000000000000000000000000000000000000000000000001111111111111111111111111111111111111111111111111111111111111111110000000000000000000000000000011111111111111000000000000001111111111111111111111111000000000011111111111111111111111111111111111111111111111111
00000000000000000000000000000000000000000000000001111111111111111111111111111111111111111111111111111111111111111110000000000000000000000000000011111111111110000000000000011111111111111111111111111000000000011111111111111111111111111111111000000001111111111
00000000000000000000000000000000000000000000000011111111111111111111111111111101111111111111111111111111111111111110000000000000000000000000000011111111111100000000000000111111111111111111111111111000000000011111111111111111111111111111110000000011111111111
00000000000000000000000000000000000000000000000111111111111111111111111111111000111111111111111111111111111111111100000000000000000000000000000011111111111000000000000001111111111111111111111111111000000000001111111111111111111111111100000000000011111111111
00000000000000000000000000000000000000000000000111111111111111111111111111110000000011111111111111111111111111111000000000000000000000000000001111111111111000000000000001111111111111111111111111111000000000000111111111111111111111000000000000000011111111111
00000000000000000000000000000000000000000000000111111111111111111111111111000000000000000111111111111111111111111000000000000000000000000000011111111111111000000000000011111111111111111111111111111000000000001111111111111111111100000000000000000111111111111
00000000000000000000000000000000000000000000000111111111111111111111111110000000000000000000011111111111111111111000000000000000000000000000111111111111110000000000000011111111111111111111111111111000000000001111111111111111111000000000000000000111111111111
00000000000000000000000000000000000000000000000111111111111111111111111100000000000000000000000000111111111111111000000000000000000000000001111111111111000000000000000011111111111111111111111111110000000000011111111111111111100000000000000000000111111111111
00000000000000000000000000000000000000000000000111111111111111111111111110000000000000000000000000000011111111111000000000000000000000000011111111111111000000000000000111111111111111111111111111100000000000011111111111111111000000000000000000001111111111111
00000000000000000000000000000000000000000000000111111111111111111111111110000000000000000000000000000000100111110000000000000000000000000011111111111111000000000000000111111111111111111111111111000000000000111111111111111100000000000000000000001111111111111
00000000000000000000000000000000000000000000000111111111111111111111111110000000000000000000000000000000000000000000000000000000000000000011111111111111000000000000000111111111111111111111111100000000000000111111111111111100000000000000000000001111111111111
00000000000000000000000000000000000000000000000111111111111111111111111110000000000000000000000000000000000000000000000000000000000000000011111111111110000000000000000111111111111111111111111110000000000001111111111111111000000000000000000000001111111111111
00000000000000000000000000000000000000000000000111111111111111111111111110000000000000000000000000000000000000000000000000000000000000000011111111111100000000000000000111111111111111111111111110000000000001111111111111100000000000000000000000001111111111111
00000000000000000000000000000000000000000000000111111111111111111111111100000000000000000000000000000000000000000011110000000000000000000011111111111100000000000000000111111111111111111111111110000000000011111111111111000000000000000000000000001111111111111
00000000000000000000000000000000000000000000000111111111111111111111110000000000000000000000000000000000000000000111111000000000000000000001111111111000000000000000001111111111111111111111111110000000000011111111111110000000000000000000000000001111111111111
00000000000000000000000000000000000000000000000011111111111111111111110000000000000000000000000000000000000000011111111110000000000000000011111111111000000000000000001111111111111111111111111110000000000111111111111100000000000000000000000000001111111111111
00000000000000000000000000000000000000000000000011111111111111111111110000000000000000000000000000000000000000111111111111000000000000000111111111110000000000000000001111111111111111111111111110000000000111111111111000000000000000000000000000000111111111111
00000000000000000000000000000000000000000000000001111111111111111111110000000000000000000000000000000000000001111111111111110000000000000111111111100000000000000000001111111111111111111111111100000000001111111111110000000000000000000000000000000000001111111
00000000000000000000000000000000000000000000000001111111111111111111100000000000000000000000000000000000000000011111111111111000000000001111111111100000000000000000001111111111111111111111111110000011111111111111100000000000000000000000000000000000001111111
00000000000000000000000000000000000000000000000001111111111111111111000000000000000000000000000000000000000000001111111111111110000000011111111111100000000000000000001111111111111111111111111110000111111111111111000000000000000000000000000000000000001111111
00000000000000000000000000000000000000000000000000111111111111111110000000000000000000000000000000000000000000000011111111111111000000111111111111100000000000000000011111111111111111111111111110001111111111111110000000000000000000000000000000000000001111111
00000000000000000000000000000000000000000000000000111111111111111110000000000000000000000000000000000000000000000011111111111111110001111111111111100000000000000000111111111111111111111111111110011111111111111110000000000000000000000000000000000000001111111
00000000000000000000000000000000000000000000000000011111111111111100000000000000000000000000000000000000000000000011111111111111111001111111111111100000000000000000111111111111111111111111111110011111111111111100000000000000000000000000000000000000001111111
00000000000000000000000000000000000000000000000000011111111111111000000000000000000000000000000000000000000000000011111111111111111111111111111111100000000000000000111111111111111111111111111100011111111111111000000000000000000000000000000000000000011111111
00000000000000000000000000000000000000000000000000001111111111110000000000000000000000000000000000000000000000000011111111111111111111111111111111100000000000000000111111111111111111111111111000011111111111111000000000000000000000000000000000000000111111111
00000000000000000000000000000000000000000000000000001111111111110000000000000000000000000000000000000000000000000011111111111111111111111111111111100000000000000000111111111111111111111111100000011111111111110000000000000000000000000000000000000000111111111
00000000000000000000000000000000000000000000000000001111111111110000000000000000000000000000000000000000000000000011111111111111111111111111111111100000000000000000111111111111111111111111000000011111111111111000000000000000000000000000000000000000111111111
00000000000000000000000000000000000000100000000000001111111111100000000000000000000000000000000000000000000000000011111111111111111111111111111111100000000000000000011111111111111111111111000000011111111111111111000000000000000000000000000000000000111111111
00000000000000000000000000000000000000110000000000001111111100000000000000000000000000000000000000000000000000000001111111111111111111111111111111100000000000000000000001111111111111111110000000011111111111111111111000000000000000000000000000000000111111111
00000000000000000000000000000000000001111100000000000111111100000000000000000000000000000000000000000000000000000000011111111111111111111111111111000000000000000000000001111111111111111110000000011111111111111111111111000000000000000000000000000000111111111
00000000000000000000000000000000000011111111110000001111111100000000000000000000000000000000000000000000000000000000011111111111111111111111111110000000000000000000000000111111111111111100000000011111111111111111111111110000000000000000000000000000111111111
00000000000000000000000000000000000111111111100000011111111100000000000000000000000000000000000000000000000000000000011111111111111111111111111100000000000000000000000000011111111111111100000000011111111111111111111111111000000000000000000000000000111111111
00000000000000000000000000000000000111111111100000011111111100000000000000000000000000000000000000000000000000000000011111111111111111111111111110000000000000000000000000000111111111111000000000011111111111111111111111111100000000000000000000000000111111111
00000000000000000000000000000000001111111111000000111111111100000000000000000000000000000000000000000000000000000000001111111111111111111111111111100000000000000000000000000000000000001000000000011111111111111111111111111100000000000000000000000000011111111
00000000000000000000000000000000011111111110000000111111111100000000000000000000000000000000000000000000000000000000000001111111111111111111111111110000000000000000000000000000000000000000000000001111111111111111111111111100000000000000000000000000001111111
00000000000000000000000000000000111111111110000000111111111000000000000000000000000000000000000000000000000000000000000000111111111111111111111111111100000000000000000000000000000000000000000000001111111111111111111111111100000000000000000000000000001111111
00000000000000000000000000000000111111111100000000111111110000000000000000000000000000000000000000000000000000000000000000011111111111111111111111111110000000000000000000000000000000000000000000011111111111111111111111111100000000000000000000000000001111111
00000000000000000000000000000001111111111000000001111111100000000000000000000000000000000000000000000000000000000000000000001111111111111111111111111111100000000000000000000000000000000000000000011111111111111111111111111100000000000000000000000000001111111
11100000000000000000000000000011111111111000000011111111100000000000000000000000000000000000000000000000000000000000000000000011111111111111111111111111110000000000000000000000000000000000000000011111111111111111111111111000000000000000000000000000001111111
11110000000000000000000000000011111111110000000011111111100000000000000000000000000000000000000000000000000000000000000000000000111111111111111111111111111100000000000000000000000000000000000000011111111111111111111111111000000000000000000000000000000111111
11110000000000000000000000000111111111100000000011111111000000000000000000000000000000000000000000000000000000000000000000000000111111111111111111111111111110000000000000000000000000000000000000011111111111111111111111111000000000000000000000000000000011111
11110000000000000000000000001111111111100000000011111111000000000000000000000000000000000000000000000000000000000000000000000000011111111111111111111111111111000000000000000000000000000000000000001111111111111111111111110000000000000000000000000000000011111
11110000000000000000000000011111111111100000000011111111000000000000000000000000000000000000000000000000000000000000000000000000001111111111111111111111111111110000000000000000000000000000000000000011111111111111111111110000000000000000000000000000000011111
11111000000000000000000000011111111111110000000001111110000000000000000000000000000000000000000000000000000000000000000000000000000111111111111111111111111111111000000000000000000000000000000000000011111111111111111111100000000000000000000000000000000011111
11111111000000000000000000111111111111110000000000000000000000000000000000000000000000000000000000000000000000000000000000000000000011111111111111111111111111111110000000000000000000000000000000000011111111111111111111100000000000000000000000000000000111111
11111111110000000000000001111111111111110000000000000000000000000000000000000000000000000000000000000000000000000000000000000000000001111111111111111111111111111111000000000000000000000000000000000011111111111111111111000000000000000000000000000000000111111
11111111111110000000000001111111111111110000000000000000000000000000000000000000000000000000000000000000000000000000000000000000000000000111111111111111111111111111110000000000000000000000000000000001111111111111111111000000000000000000000000000000000111111
11111111111111110000000011111111111111110000000000000000000000000000000000000000000000000000000000000000000000000000000000000000000000000111111111111111111111111111111000000000000000000000000000000000111111111111111110000000000000000000000000000000000111111
11111111111111111100000111111111111111110000000000000000000000000000000000000000000000000000000000000000000000000000000000000000000000000111111111111111111111111111111110000000000000000000000000000000011111111111111100000000000000000000000000000000001111111
11111111111111111111100111111111111111110000000000000000000000000000000000000000000000000000000000000000000000000000000000000000000000000011111111111111111111111111111111000000000000000000000000000000011111111111110000000000000000000000000000000000001111111
11111111111111111111111111111111111111100000000000000000000000000000000000000000000000000000000000000000001111100000000000000000000000000001111111111111111111111111111111110000000000000000000000000000001111111111100000000000000000000000000000000000001111111
11111111111111111111111111111111111111000000000000000000000000000000000000000000000000000000000000000000011111110000000000000000000000000000001111111111111111111111111111111000000000000000000000000000000111111111100000000000000000000000000000000000011111111
11111111111111111111111111111111111111000000000000000000000000000000000000000000000000000000000000000000011111110000000000000000000000000000000111111111111111111111111111111100000000000000000000000000000011111111110000000000000000000000000000000000011111111
11111111111111111111111111111111111111000000000000000000000000000000000000000000000000000000000000000000011111110000000000000000000000000000000000000111111111111111111111111110000000000000000000000000000011111111111000000000000000000000000000000000011111111
11111111111111111111111111111111111111000000000000000000000000000000000000000000000000000000000000000000011111110000000000000000000000000000000000000011111111111111111111111100000000000000000000000000000001111111111100000000011111000000000000000000011111111
11111111111111111111111111111111111111000000000000000000000000000000000000000000000000000000000000000000111111110000000000000000000000000000000000000000111111111111111111111100000000000000000000000000000000111111111100001111111111100000000000000000111111111
11111111111111111111111111111111111111111100000000000000000000000000000000000000000000000000000000000000111111100000000000000000000000000000000000000000011111111111111111111000000000000000000000000000000000011111111110011111111111110000000000000000111111111
11111111111111111111111111111111111111111111111100000000000000000000000000000000000000000000000000000000111111110000000000000000000000000000000000000000001111111111111111111000000000000000000000000000000000011111111111011111111111110000000000000000111111111
11111111111111111111111111111111111111111111111110000000000000000000000000000000000000000000000000000000111111111000000000000000000000000000000000000000000111111111111111111000000001100000000000000000000000001111111111011111111111110000000000000000111111111
11111111111111111111111111111111111111111111111111000000000000000000000000000000000000000000000000000001111111111000000000000000000000000000000000000000000001111111111111111000000001110000000000000000000000000111111111111111111111110000000000000001111111111
11111111111111111111111111111111111111111111111111000000000000000000000000000000000000000000000000000001111111111000000000000011111100000000000000000000000000011111111111111000000011111100000000000000000000000011111111111111111111110000000000000001111111111
11111111111111111111111111111111111111111111111111111000000000000000000000000000000000000000000000000001111111111000000000000111111111000000000000000000000000001111111111111000000011111111000000000000000000000011111111111111111111110000000000000001111111111
11111111111111111111111111111111111111111111111111111111000000000000000000000000000000000000000000000011111111111000000000000111111111110000000000000000000000001111111111111000000111111111100000000000000000000001111111111111111111110000000000000011111111111
11111111111111111111111111111111111111111111111111111111110000000000000000000000000000000000000000000011111111110000000000000111111111111000000000000000000000000111111111110000000111111111111000000000000000000000111111111111111111110000000000000011111111111
11111111111111111111111111111111111111111111111111111111111110000000000000000000000000000000000000000011111111110000000000000111111111111110000000000000000000000000000010000000001111111111111111110000000000000000011111111111111111100000000000000011111111111
11111111111111111111111111111111111111111111111111111111111111110000000000000000000000000000000000000011111111110000000000000111111111111111100000000000000000000000000000000000001111111111111111111000000000000000011111111111111111100000000000000011111111111
11111111111111111111111111111111111111111111111111111111111111111100000000000000000000000000000000000011111111110000000000000011111111111111110000000000000000000000000000000000001111111111111111111100000000000000001111111111111111100000000000000111111111111
11111111111111111111111111111111111111111111111111111111111111111111100000000000000000000000000000000001111111100000000000000001111111111111111111111000000000000000000000000000001111111111111111111110000000000000000111111111111111110000000000000111111111111
11111111111111111111111111111111111111111111110011111111111111111111111100000000000000000000000000000011111111100000000000000000011111111111111111111111100001111100003333000000001111111111111111111111000000000000000011111111111111111000000000000111111111111
11111111111111111111111111111111111111110000000000011111111111111111111111000000000000000000000000000011111111100000000000000000000111111111111111111111111111111110000000300000001111111111111111111111100000000000000011111111111111111000000000001111111111111
11111111111111111111111111111111110000000000000000000011111111111111111111100000000000000000000000000011111111100000000000000000000001111111111111111111111111111110000000030000001111111111111111111111111000000000000001111111111111111100000000001111111111111
11111111111111111111111111111111100000000000000000000000111111111111111111110000000000000000000000000011111111100000000000000000000000011111111111111111111111111110000000003000001111111111111111111111111111000000000000111111111111111100000000001111111111111
11111111111111111111111111100000000000000000000000000000000111111111111111110000000000000000000000000011111111000000000000000000000000000111111111111111111111111110000000000300001111111111111111111111111111100000000000011111111111111100000000001111111111111
11111111111111111111111000000000000000000000000000000000000000111111111111110000000000000000000000000011111111000000000000000000000000000011111111111111111111111110000000000030000111111111111111111111111111110000000000011111111111111100000000011111111111111
11111111111111111110000000000000000000000000000000000000000000001111111111110000000000000000000000000011111111000000000000000000000000000000111111111111111111111100000000000130000001111111111111111111111111111000000000001111111111111100000000011111111111111
11111111111111111110000000000000000000000000000000000000000000000001111111110000000000000000000000000011111111000000000000000000000000000000011111111111111111110000000000000130000000011111111111111111111111111000000000000111111111111000000000011111111111111
11111111111111111100000000000000000000000000000000000000000000000000001111100000000000000000000000000111111111000000000000000000000000000000011111111111111111111000000000001330000000000111111111111111111111111110000000000111111111110000000000111111111111111
11111111111111111100000000000000000000000000000000000000000000000000000000000000000000000000000000000111111111000000000000000000000000000000001111111111111111111100000000001300000000000011111111111111111111111111000000000011111111110000000000111111111111111
11111111111111111000000000000000000000000000000000000000000000000000000000000000000000000000000000000111111110000000000000000000000000000000000000111111111111111100000000011300000000000000011111111111111111111111100000000001111111111000000000111111111111111
11111111111111111000000000000000000000000000000000000000000000000000000000000000000000000000000000001111111110000000000000000000000000000000000000000001111111111000000000011300000000000000001111111111111111111111110000000000111111111100000000111111111111111
11111111111111111000000000000000000000000000000000000000000000000000000000000000000000000000000001111111111110000000000000000000000000000000000000000000000011111000000000113300000000000000000111111111111111111111110000000000111111111100000001111111111111111
11111111111111110000000000000000000000000000000000000000000000000000000000000000000000000000000011111111111111000000000000000000000000000000000000000000000011110000000000113000000000000000000000111111111111111111111000000000011111111100000001111111111111111
11111111111111110000000000000000000000000000000000000000000000000000000000000000000000000000000011111111111111000000000000000000000000000000000000000000000011000000000001110300000000000000000000011111111111111111111000000000001111111100000001111111111111111
11111111111111100000000000000000000000000000000000000000000000000000000000000000000000000000000011111111111111000000000000000000000000000000000000000000000000000000000001111030000000000000000000001111111111111111111000000000000111111100000001111111111111111
11111111111111100000000000000000000000000000000000000000000000000000000000000000000000000000000011111111111111000000000000000000000000000000000000111110000000000000000011111103000000000000000000000111111111111111111000000000000011111000000011111111111111111
11111111111111000000000000000000000000000000000000000000000000000000000000000000000000000000000011111111111111100000000000000000000000000000000001111100000000000000000011111113000000000000000000000000111111111111111000000000000000000000000011111111111111111
11111111111111000000000000000000000000000000000000000000000000000000000000000000000000000000000011111111111111100000000000000000000000000000000001111000000000000000000111111113000000000000000000000000000111111111110000000011111100000000000011111111111111111
11111111111110000000000000000000000000000000000000000000000000000000000000000000000000000000000011111111111111111111100000000000000000000000000011111000000000000000000111111110300000000000000000000000000000111111000000000111111110000000000111111111111111111
11111111111110000000000000000000000000000000000000000000000000000000000000000000000000000000000011111111111111111111110000000000000000000000000111110000000000000000001111111110030000000000000000000000000000000000000000000111111111100000000111111111111111111
11111111111110000000000000000000000000000000000000000000000000000000000000000000000000000000000001111111111111111111110000000000000000000000000111110000000000000000011111111110003000000000000000000000000000000000000000000111111111111000000111111111111111111
11111111111100000000000000000000000000000000000000000000000000000000000000000000000000000000000001111111111111111111110000000000000000000000000111100000000000000000011111111110000300000000000000000000000000000000000000000111111111111110000111111111111111111
11111111111100000000000000000000000000000000000000000000000000000000000000000000000000000000000001111111111111111111110000000000000000000000000111000000000000000000011111111111000030000000000000000000000000000000000000000111111111111111001111111111111111111
11111111111000000000000000000000000000000000000000000000000000000000000000000000000000000000111110111111111111111111111111110000000000000000000111000000000000000000111111111111000003000000000000000000000000000000000000000011111111111111111111111111111111111
11111111111000000000000000000000000000000000000000000000000000000000000000000000000000000001111111111111111111111111111111111000000000000000000011000000000000000001111111111111000000300000000000000000000000000000000000000001111111111111111111111111111111111
11111111110000000000000000000000000000000000000000000000000000000000000000000000000000000001111111111111111111111111111111111000000000000000000000000000000000000001111111111111000000030000000000000000000000000000000000000000111111111111111111111111111111111
11111111110000000000000000000000000000000000000000000000000000000000000000000000000000000001111111111111111111111111111111111110000000000000000000000000000000000001111111111111000000003000000000000000000000000000000000000000111111111111111111111111111111111
11111111110000000000000000000000000000000000000000000000000000000000000000000000000000000001111111111111111111111111111111111111000000000000000000000000000000000011111111111111000000000300000000000000000000000000000000000000111111111111111111111111111111111
11111111110000000000000000000000000000000000000000000000000000000000000000000000000000000001111111111111111111111111111111111111000000000000000000000000000000000011111111111111000000000030000000000000000000000000000000000000111111111111111111111111111111111
11111111110000000000000000000000000000000000000000000000000000000000000000000000000000000000111111111111111111111111111111111111000000000000000000000000000000000111111111111111000000000003000000000000000000000000000000000000111111111111111111111111111111111
11111111110000000000000000000000000000000000000000000000000000000000000000000000000000000000000001111111111111111111111111111111000000000000000000011111000000001111111111111111000000000000300000000000000000000000000000000000111111111111111111111111111111111
11111111110000000000000000000000000000000000000000000000000000000000000000000000000000000000000001111111111111111111111111111111000000000000000000111111100000001111111111111111000000000000030000000000000000000000000000000000011111111111111111111111111111111
11111111100000000000000000000000000000000000000000000000000000000000000000000000000000000000111111111111111111111111111111111110000000000000000000111111100000001111111111111110000000000000003000000000000000000000000000000000001111111111111111111111111111111
11111111100000000000000000000000000000000000000011111110000000000000000000000000000000000001111111111111111111111111111111111110000000000000000011111111100000011111111111111100000000000000000300000000000000000000000000000000001111111111111111111111111111111
11111111100000000000000000000000000000000000000111111111110000000000000000000000000000000011111111111111111111111111111111111110000000000000000111111111100000011111111111111100000000000011111030000000000000000000000000000000001111111111111111111111111111111
11111111100000000000000000000000000000000000000111111111111000000000000000000000000000000111111111111111111111111111111111111110000000000000001111111111100000111111111111111110000000000111111103000000000000000000000000000000001111111111111111111111111111111
11111111100000000000000000000000000000000000000111111111111111100000000000000000000000000111111111111111111111111111111111111110000000000000001111111111000000111111111111111110000000000111111110300000000000000000000000000000000111111111111111111111111111111
11111111100000000000000000000000000000000000000111111111111111111100000000000000000000001111111111111111111111111111111111111100000000000000011111111110000000111111111111111110000000000111111110030000000000000000000000000000000111111111111111111111111111111
11111111100000000000000000000000000000000000000111111111111111111111111000000000000000011111111111111111111111111111111111111000000000000000011111111110000000111111111111111110000000000111111111103000000000000000000000000000000111111111111111111111111111111
11111111100000000000000000000000000000000000000011111111111111111111111111110000000000111111111111111111111111111111111111111000000000000000011111111100000001111111111111111110000000000111111111113000000000000000000000000000000111111111111111111111111111111
11111111100000000000000000000000000000000000000001111111111111111111111111111000000001111111111111111111111111111111111111110000000000000000011111111000000001111111111111111111000000000011111111113000000000000000000000000000000011111111111111111111111111111
11111111110000000000000000000000000000000000000011111111111111111111111111111111100011111111111111111111111111111111111111100000000000000000011111111000000001111111111111111111000000000011111111113000000000000000000000000000000001111111111111111111111111111
11111111110000000000000000000000000000000000000011111111111111111111111111111111111011111111111111111111111111111111111111000000000000000000011111110000000001111111111111111111000000000111111111113000000000000000000000000000000000111111111111111111111111111
11111111110000000000000000000000000000000000000011111111111111111111111111111111111111111111111111111111111111111111110000000000000000000000111111110000000011111111111111111111000000011111111111113000000000000000000000000000000000111111111111111111111111111
11111111110000000000000000000000000000000000000111111111111111111111111111111111111111111111111111111111111111111111110000000000000000000000111111110000000011111111111111111111000000111111111111113000000000000000000000000000000000111111111111111111111111111
11111111110000000000000000000000000000000000000111111111111111111111111111111111111111111111111111111111111111111111110000000000000000000001111111110000000011111111111111111111100001111111111111113000000000000000000000000000000000111111111111111111111111111
11111111100000000000000000000000000000000000000111111111111111111111111111111111111111111111111111111111111111111111110000000000000000000001111111110000000011111111111111111111100011111111111111103000000000000000000000000000000000011111111111111111111111111
11111111110000000000000000000000000000000000000111111111111111111111111111111111111111111111111111111111111111111111100000000000000000000001111111100000000111111111111111111111110011111111111110330000000000000000000000000000000000011111111111111111111111111
11111111110000000000000000000000000000000000000111111111111111111111111111111111111111111111111111111111111111111110000000000000000000000011111111100000000111111111111111111111110111111111111103000000000000000000000000000000000000011111111111111100111111111
11111111111000000000000000000000000000000000000111111111111111111111111111111111111111111111111111111111111111111110000000000000000000000111111111000000000111111111111111111111110111111111113330000000000000000000000000000000000000001111111111111000000111111
11111111111100000000000000000000000000000000000111111111111111111111111111111111111111111111111111111111111111111100000000000000000000000111111111000000000111111111111111111111111111111111113000000000000000000000000000000000000000001111111111100000000111111
11111111111110000000000000000000000000000000000111111111111111111111111111111111111111111111111111111111111111111100000000000000000000000111111110000000001111111111111111111111111111111111103000000000000000000000000000000000000000001111111111000000000111111
11111111111111000000000000000000000000000000000111111111111111111111111111111111111111111111111111111111111111111100000000000000000000011111111110000000001111111111111111111111111111111113330000000000000000000000000000000000000000000111110000000000000111111
11111111111111100000000000000000000000000000000111111111111111111111111111111111111111111111111111111111111111111100000000000000000000111111111110000000001111111111111111111111111111111113000000000000000000000000000000000000000000000000000000000000000111111
11111111111111100000000000000000000000000000000111111111111111111111111111111111111111111111111111111111111111111000000000000000000000111111111100000000001111111111111111111111111111111133000000000000000000000000000000000000000000000000000000000000000111111
11111111111111110000000000000000000000000000000111111111111111111111111111111111111111111111111111111111111111111000000000000000000000111111111000000000111111111111111111111111111111111130000000000000000000000000000000000000000000000000000000000000000111111
11111111111111111000000000000000000000000000000111111111111111111111111111111111111111111111111111111111111111111000000000000000000011111111111000000000111111111111111111111111111111111030000000000000000000000000000000000000000000000000000000000000000111111
11111111111111111100000000000000000000000000000111111111111111111111111111111111111111111111111111111111111111111000000000000000000011111111111000000000011111111111111111111111111111110300000000000000000000000000000000000000000000000000000000000000000111111
11111111111111111110000000000000000000000000000111111111111111111111111111111111111111111111111111111111111111111000000000000000000111111111110000000001011111111111111111111111111111103000000000000000000000000000000000000000000000000000000000000000000111111
11111111111111111111000000000000000000000000000011111111111111111111111111111111111111111111111111111111111111110000000000000000000111111111100000000001111111111111111111111111111113330000000000000000000000000000000000000000000000000000000000000000000111111
11111111111111111111000000000000000000000000000011111111111111111111111111111111111111111111111111111111111111100000000000000000000111111111100000000011111111111111111111111111111113000000000000000000000000000000000000000000000000000000000000000000000111111
11111111111111111111100000000000000000000000000001111111111111111111111111111111111111111111111111111111111111100000000000000000001111111111000000000011111111111111111111111111111103000000000000000000000000000000000000000000000000000000000000000000000111111
11111111111111111111110000000000000000000000000000000111111111111111111111111111111111111111111111111111111111000000000000000000001111111110000000000011111111111111111111111111110330000000000000000000000000000000000000000000000011111100000000000000000111111
11111111111111111111111000000000000000000000000000000001111111111111111111111111111111111111111111111111111110000000000000000000001111111100000000000111111111111111111111111111103000000000000000000000000000000000000000000000000111111110000000000000000111111
11111111111111111111111000000000000000000000000000000000111111111111111111111111111111111111111111111111111110000000000000000000011111111000000000001111111111111111111111111111030000000000000000000000000000000000000000000000000111111110000000000000000111111
11111111111111111111111100000000000000000000000000000000111111111111111111111111111111111111111111111111111110000000000000000000011111111000000000001111111111111111111111111103300000000000000000000000000000000000000000000000000111111110000000000000000111111
11111111111111111111111110000000000000000000000000000000011111111111111111111111111111111111111111111111111100000000000000000000111111110000000000011111111111111111111111111030000000000000000000000000000000000000000000000000011111111110000000000000000111111
11111111111111111111111111000000000000000000000000000000001111111111111111111111111111111111111111111111111100000000000000000000111111110000000001111111111111111111111111333300000000000000000000000000000000000000000000000000111111111110000000000000000111111
11111111111111111111111111100000000000000000000000000000000011111111111111111111111111111111111111111111111100000000000000000000111111110000000001111111111111111111111111300000000000000000000000000000000000000000000000000000111111111100000000000000000111111
11111111111111111111111111100000000000000000000000000001111111111111111111111111111111111111111111111111111100000000000000000001111111100000000000111111111111111111111113300000000000000000000000000000000000000000000000000000111111111000000000000000000111111
11111111111111111111111111110000000000000000000000000011111111111111111111111111111111111111111111111111111100000000000000000001111111100000000000011111111111111111111113000000000000000000000000000000000000000000000000000000111111111000000000000000000111111
11111111111111111111111111111000000000000000000000000111111111111111111111111111111111111111111111111111111000000000000000000001111111100000000000011111111111111111111103000000000000000000000000000000000000000000000000000000111111111000000000000000000111111
11111111111111111111111111111100000000000000000000000111111111111111111111111111111111111111111111111111111000000000000000000011111111000000000000011111111111111111003330000000000000000000000000000000000000000000000000000000111111110000000000000000000111111
11111111111111111111111111111110000000000000000000000111111111111111111111111111111111111111111111111111110000000000000000000011111110000000000000011111111111111110003000000000000000000000000000000000000000000000000000000000111111100000000000000000000111111
11111111111111111111111111111111000000000000000000111111111111111111111111111111111111111111111111111111110000000000000000000111111100000000000000011111111111111111003000000000000000000000000000000000000000000000000000000000111111100000000000000000000111111
11111111111111111111111111111111100000000000000011111111111111111111111111111111111111111111111111111111110000000000000000000111111100000000000000001111111111111111003000000000000000000000000000000000000000000000000000000000111111100000000000000000000111111
11111111111111111111111111111111100000000000011111111111111111111111111111111111111111111111111111111111110000000000000000000111111100000000000000000111111111111111000300000000000000000000000000000000000000000000000000000000111111100000000000000000000111111
11111111111111111111111111111111110000000000111111111111111111111111111111111111111111111111111111111111110000000000000000001111111100000000000000000111111111111111000030000000000000000000000000000000000000000000000000000000111111100000000000000000000111111
11100000001111111111111111111111111000000000111111111111111111111111111111111111111111111111111111111111100000000000000000001111111100000000000000000111111111111111000003000000000000000000000000000000000000000000000000000000111111100000000000000000001111111
00000000000011111111111111111111111100000000111111111111111111111111111111111111111111111111111111111000000000000000000000011111111100000000000000000001111111111111000000300000000000000000000000000000000000000000000000000000111111100000000000000000001111111
00000000000000111111111111111111111110000000111111111111111111111111111111111111111111111111111110000000000000000000000000011111111100000000000000000000111111111111000000030000000000000000000000000000000000000000000000000000111111100000000000000000001111111
00000000000000011111111111111111111110000000111111111111111111111111111111111111111111111111100000000000000000000000000000111111111000000000000000000000011111111111100000003000000000000000000000000000000000000000000000000000111111100000000000000000001111111
00000000000000011111111111111111111111000000111111110011111111111111111111111111111111111111000000000000000000000000000001111111111000000000000000000000011111111111100000000300000000000000000000000000001111111000000000000001111111100000000000000000001111111
00000000000000001111111111111111111111100000011111000011111111111111111111111111111111111110000000000000000000000000000001111111111000000000000000000000001111111111100000000030000000000000000000000000011111111111000000000011111111100000000000000000001111111
00000000000000000111111111111111111111110000000000000001111100000000000000000000000000000000000000000000000000000000000001111111111000000000000000000000001111111111100000000003000000000000000000000000011111111111100000000111111111100000000000000000001111111
00000000000000000011111111111111111111111000000000000000000000000000000000000000000000000000000000000000000000000000000001111111110000000000000000000000001111111111100000000000300000000000000000000011111111111111110000001111111111100000000000000000001111111
00000000000000000001111111111111111111111000000000000000000000000000000000000000000000000000000000000000000000000000000001111111110000000000000000000000001111111111000000000000030000000000000000000111111111111111111111111111111111100000000000000000001111111
00000000000000000000111111111111111111111100000000000000000000000000000000000000000000000000000000000000000000000000000011111111110000000000000000000000001111111100000000000000003000000000000000000111111111111111111111111111111111000000000000000000001111111
00000000000000000000011111111111111111111110000000000000000000000000000000000000000000000000000000000000000000000000000011111111100000000000000000000000011111111100000000000000000300000000000000000111111111111111111111111111111110000000000000000000001111111
00000000000000000000001111111111111111111111000000000000000000000000000000000000000000000000000000000000000000000000000011111111100000000000000000000000111111111100000000000000000030000000000000000111111111111111111111111111111111000000000000000000001111111
00000000000000000000000011111111111111111111100000000000000000000000000000000000000000000000000000000000000000000000000111111111000000000000000000000000111111111100000000000000000003000000000000000111111111111111111111111111111111000000000000000000001111111
00000000000000000000000001111111111111111111100000000000000000000000000000000000000000000000000000000000000000000000000111111110000000000000000000000000111111111100000000000000000000300000000000000011111111111111111111111111111111000000000000000000001111111
00000000000000000000000000111111111111111111110000000000000000001111111100000000000000000000000000000000000000000000000111111110000000000000000000000000111111111100000000000000000000030000000000000001111111111111111111111111111111000000000000000000001111111
00000000000000000000000000011111111111111111111000000000000000011111111111110000000000000000000000000000000000000000001111111110000000000000000000000000111111111100000000000000000000003000000000000000111111111111111111111111111111000000000000000000001111111
00000000000000000000000000001111111111111111111100000000000000011111111111111111000000000000000000000000000000000000001111111110000000000000000000000000111111111100000000000000000000000300000000000000011111111111111111111111111110000000000000000000001111111
00000000000000000000000000000111111111111111111111000000000000000111111111111111110000000000000000000000000000000000011111111110000000000000000000000001111111111111100000000000000000000030000000000000011111111111111111111111111110000000000000000000001111111
00000000000000000000000000000011111111111111111111100000000000000011111111111111100000000000000000000000000000000000011111111110000000000000000000000011111111111111110000000000000000000003000000000000001111111111111111111111111110000000000000000000001111111
00000000000000000000000000000111111111111111111111110000000000000011111111111111000000000000000000000000000000000000011111111110000000000000000000001111111111111111110000000000000000000000300000000000000000011111111111111111111110000000000000000000001111111
00000000000000000000000000001111111111111111111111110000000000000011111111111111000000000000000000000000000000000000111111111111000000000000000000011111111111111111110000000000000000000000030000000000000000011111111111111111111110000000000000000000001111111
00000000000000000000000000011111111111111111111111110000000000000001111111111110000000000000000000000000000000000000111111111111110000000000100000111111111111111111110000000000000000000000003000000000000000011111111111111111111100000000000000000000001111111
00000000000000000000000001111111111111111111111111110000000000000000000111111100000000000000000000000000000000000000111111111111111111111111111111111111111111111111110000000000000000000000000300000000000000011111111111111111111100000000000000000000001111111
00000000000000000000001111111111111111111111111111110000000000000000000000011100000000000000000000000000000000000001111111111111111111111111111111111111111111111111110000000000000000000000000030000000000000001111111111111111111100000000000000000000001111111
00000000000000000000011111111111111111111111111111100000000000000000000000000000000000000000000000000000000000000001111111111111111111111111111111111111111111111111100000000000000000000000000003000000000000000011111111111111111100000000000000000000001111111
00000000000000000000011111111111111111111111111111100000000000000000000000000000000000000000000000000000000000000011111111111111111111111111111111111111111111111111100000000000000000000000000000300000000000000011111111111111111100000000000000000000001111111
00000000000000000000011111111111111111111111111111100000000000000000000000000000000000000000000000000000000000000011111111111111111111111111111111111111111111111111000000000000000000000000000000030000000000000001111111111111111100000000000000000000001111111
00000000000000000000111111111111111111111111111111000000000000000000000000000000000000000000000000000000000000000011111111111111111111111111111111111111111111111111000000000000000000000000000000003000000000000001111111111111111000000000000000000000001111111
00000000000000000001111111111111111111111111111100000000000000000000000000000000000000000000000000000000000000000111111111111111111111111111111111111111111111111110000000000000000000000000000000000300000000000000111111111111111000000000000000000000001111111
00000000000000000001111111111111111111111111111000000000000000000000000000000000000000000000000000000000000000000111111111111111111111111111111111111111111111111100000000000000000000000000000000000030000000000000111111111111111000000000000000000000001111111
00000000000000000001111111111111111111111111111000000000000000000000000000000000000000000000000000000000000000001111111111111111111111111111111111111111111111111000000000000000000000000000000000000003000000000000111111111111110000000000000000000000001111111
00000000000000000001111111111111111111111111111000000000000000000000000000000000000000000000000000000000000000001111111111111111111111111111111111111111111111111000000000000000000000000000000000000000300000000000011111111111110000000000000000000000001111111
00000000000000000001111111111111111111111111111000000000000000000000000000000000000000000000000000000000000000001111111111111111111111111111111111111111111111111000000000000000000000000000000000000000030000000000011111111111110000000000000000000000001111111
00000000000000000001111111111111111111111111111000000000000000000000000000000000000000000000000000000000000000011111111111111111111111111111111111111111111111110000000000000000000000000000000000000000003000000000001111111111110000000000000000000000001111111
00000000000000000000111111111111111111111111111000000000000000000000000000000000000000000000000000000000000000011111111111111111111111111111111111111111111111100000000000000000000000000000000000000000000300000000000111111111100000000000000000000000001111111
00000000000000000000111111111111111111111111110000000000000000000000000000000000000000000000000000000000000000011111111111111111111111111111111111111111111111000000000000000000000000000000000000000000000030000000000000111111100000000000000000000000001111111
00000000000000000000111111111111111111111100000000000000000000000000000000000000000000000000000000000000000000111111111111111111111111111111111111111111111110000000000000000000000000000000000000000000000003000000000000111111100000000000000000000000001111111
00000000000000000000111111111111111110000000000000000000000000000000000000000000000000000000000000000000000000111111111111111111111111111111111111110000000000000000000000000000000000000000000000000000000000300000000000111111100000000000000000000000011111111
00000000000000000000111111111111111100000000000000000000000000000000000000000000000000000000000000000000000001111111111111111111111111111111111111100000000000000000000000000000000000000000000000000000000000030000000000111111100000000000000000000000011111111
00000000000000000000011111111111111000000000000000000000000000000000000000000000000000000000000000000000000001111111111111111111111111111100011111000000000000000000000000000000000000000000000000000000000000000000000000111111100000000000000000000000011111111
00000000000000000000000111111111000000000000000000000000000000000000000000000000000000000000000000000000000001111111111111111111111111111000000000000000000000000000000000000000000000000000000000000000000000000000000000111111110000000000000000000000011111111
00000000000000000000000011111110000000000000000000000000000000000000000000000000000000000000000000000000000011111111111111111111111100000000000000000000000000000000000000000000000000000000000000000000000000000000000000111111110000000000000000000000011111111
00000000000000000000000000000000000000000000000000000000000000000000000000000000000000000000000000000000000011111111111111111111100000000000000000000000000000000000000000000000000000000000000000000000000000000000000000111111111000000000000000000000011111111
00000000000000000000000000000000000000000000000000000000000000000000000000000000111111110000000000000000000011111111111111111111100000000000000000000000000000000000000000000000000000000000000000000000000000000000000000011111111000000000000000000000011111111
00000000000000000000000000000000000000000000000000000111111000000000000000001111111111111000000000000000011111111111111111111111000000000000000000000000000000000000000000000000000000000000000000000000000000000000000000011111111000000000000000000000011111111
00000000000000000000000000000000000000000000000000011111111100000000000001111111111111111000000000000000111111111111111111111100000000000000000000000000000000000000000000000000000000000000000000000000000000000000000000011111111100000000000000000000011111111
00000000000000000000000000000000000000000000000011111111111100000000000011111111111111111000000000000011111111111111111111110000000000000000000000000000000000000000000000000000000000000000000000000000000000000000000000011111111100000000000000000000011111111
00000000000000000000000000000000000000000000000111111111111110000000000111111111111111111000000000001111111111111111111111100000000000000000000000000000000000000000000000000000000000000000000000000000000000000000000000001111111110000000000000000000011111111
00000000000000000000000000000000000000000000011111111111111110000000000111111111111111111000000000111111111111111111111100000000000000000000000000000000000000000000000000000000000000000000000000000000000000000000000000001111111111000000000000000000011111111
00000000000000000000000000000000000000000000111111111111111110000000001111111111111111111000000001111111111111111111100000000000000000000000000000000000000000000000000000000000000000000000000000000000000000000000000000000111111111000000000000000000011111111
00000000000000000000000000000000000000000000111111111111111110000000011111111111111111111000000011111111111111110000000000000000000000000000000000000000000000000000000000000000000000000000000000000000000000000000000000000111111111000000000000000000011111111
00000000000000000000000000000000000000000001111111111111111110000000111111111111111111110000000011111111111111000000000000000000000000000000000000000000000000000000000000000000000000000000000000000000000000000000000000000011111111000000000000000000011111111
00000000000000000000000000000000000000000111111111111111111110000000111111111111111111000000000111111111111100000000000000000000000000000000000000000000000000000000000000011111111011111110011111110000000000000000000000000001111111000000000000000000011111111
00000000000000000000000000000000000001111111111111111111111110000001111111111111111111000000000111111111110000000000000000000000000000000000000000000000000000000000000001111111111111111111111111111000000000000000000000000001111111000000000000000000011111111
00000000000000000000000000000000000011111111111111111111111110000011111111111111111110000000001111111111100000000000000000000000000000000000000000000000000000000000000011111111111111111111111111111000000000000000000000000001111111000000000000000000011111111
00000000000000000000000000000000000011111111111111111111111100000011111111111111111110000000001111111100000000000000000000000000000000000000000000000000000000000000000011111111111111111111111111111000000000000000000000000001111111000000000000000000011111111
00000000000000000000000000000000000011111111111111111111111000000011111111111111111110000000011111111000000000000000000000000000000000000000000000000000000000000000000111111111111111111111111111111000000000000000000000000001111111000000000000000000011111111
00000000000000000000000000000000001111111111111111111111110000000011111111111111111110000000011111100000000000000000000000000000000000000000000000000000000000000000001111111111111111111111111111111000000000000000000000000000111110000000000000000000011111111
00000000000000000000000000000001111111111111111111111111100000000111111111111111111110000000111110000000000000000000000000000000000000000000000000000000000000000000001111111111111111111111111111110000000000000000000000000000000000000000000000000000011111111
00000000000000000000000000011111111111111111111111111111000000000111111111111111111110000000111000000000000000000000000000000000000000000000000000000000000000000000111111111111111111111111111111000000000000000000000000000000000000000000000000000000011111111
00000000000000000000000011111111111111111111111111111110000000000111111111111111111110000001100000000000000000000000000000000000000000000000000000000000000000000001111111111111111111111111111100000000000000000000000000000000000000000000000000000000011111111
00001111111000000000011111111111111111111111111111111100000000000111111111111111111100000000000000000000000000000000000000000000000000000000000000000000000000000011111111111111111111111111111000000000000000000000000000000000000000000000000000000000011111111
00011111111110000011111111111111111111111111111111110000000000000111111111111111100000000000000000000000000000000000000000000000000000000000000000000000000000001111111111111111111111111111100000000000000000000000000000000000000000000000000000000000011111111
00111111111111111111111111111111111111111111111111100000000000000111111111111111000000000000000000000000000000000000000000000000000000000000000000000000000000011111111111111111111111111110000000000000000000000000000000000000000000000000000000000000011111111
00111111111111111111111111111111111111111111111111000000000000000111111111111111000000000000000000000000000000000000000000000000000000000000000000000000000001111111111111111111111111111100000000000000000000000000000000000000000000000000000000000000011111111
00111111111111111111111111111111111111111111110000000000000000000011111111111110000000000000000000000000000000000000000000000000000000000000000000000000000011111111111111111111111111110000000000000000000000000000000000000000000000000000000000000000011111111
00111111111111111111111111111111111111111111100000000000000000000111111111111110000000000000000000000000000000000000000000000000000000000000000000000000000111111111111111111111111111000000000000000000000000000000000000000000000000000000000000000000011111111
00111111111111111111111111111111111111111100000000000000000000000111111111111100000000000000000000000000000000000000000000000000000000000000000000000000001111111111111111111111111110000000000000000000000000000000000000000000000000000000000000000000011111111
00011111111111111111111111111111111111111000000000000000000000000111111111111100000000000000000000000000000000000000000000000000000000000000000000000000111111111111111111111111111000000000000000000000000000000000000000000000000000000000000000000000011111111
00001111111111111111111111111111111111110000000000000000000000000111111111110000000000000000000000000000000000000000000000000000000000000000000000000001111111111111111111111111100000000000000000000000000000000000000000000000000000000000000000000000011111111
00001111111111111111111111111111111000000000000000000000000000000111111111000000000000000000000000000000000000000000000000000000000000000000000000000011111111111111111111111111000000000000000000000000000000000000000000000000000000000000000000000000011111111
00001111111111111111111111111110000000000000000000000000000000000111111100000000000000000000000000000000000000000000000000000000000000000000000000001111111111111111111111111100000000000000000000000000000000000000000000000000000000000000000000000000011111111
00001111111100001111111111111000000000000000000000000000000000000011111000000000000000000000000000000000000000000000000000000000000000000000000000011111111111111111111111111000000000000000000000000000000000000000000000000000000000000000000000000000011111111
00000111110000000001111111000000000000000000000000000000000000000000000000000000000000000000000000000000000000000000000000000000000000000000000001111111111111111111111111100000000000000000000000000000000000000000000000000000000000000000000000000000011111111
00000000000000000000000000000000000000000000000000000000000000000000000000000000000000000000000000000000000000000000000000000000000000001111111111111111111111111111111110000000000000000000000000000000000000000000000000000000000000000000000000000000011111111
00000000000000000000000000000000000000000000000000000000000000000000000000000000000000000000000000000000000000000000000000000000000001111111111111111111111111111111111100000000000000000000000000000000000000000000000000000000000000000000000000000000011111111
00000000000000000000000000000000000000000000000000000000000000000000000000000000000000000000000000000000000000000000000000000000001111111111111111111111111111111111110000000000000000000000000000000000000000000000000000000000000000000000000000000001111111111
00000000000000000000000000000000000000000000000000000000000000000000000000000000000000000000000000000000000000000000000000000001111111111111111111111111111111111111100000000000000000000000000000000000000000000000000000000000000000000000000000000011111111111
00000000000000000000000000000000000000000000000000000000000000000000000000000000000000000000000000000000000000000000000000001111111111111111111111111111111111111110000000000000000000000000000000000000000000000000000000000000000000000000000000000011111111111
00000000000000000000000000000000000011111111000000000000000000000000000000000000000000000000000000000000000000000000000000111111111111111111111111111111111111111000000000000000000000000000000000000000000000000000000000000000000000000000000000000011111111111
00000000011111110000000000000000001111111111100000000000000000000000000000000000000000000000000000000000000000000000000011111111111111111111111111111111111111110000000000000000000000000000000000000000000000000000000000000000000000000000000000000011111111111
00000000001111111111111000001111111111111111100000000000000000000000000000000000000000000000000000000000000000000000111111111111111111111111111111111111111111000000000000000000000000000000000000000000000000000000000000000000000000000000000000000011111111111
00000000001111111111111100111111111111111111100000000000000000000000000000000000000000000000000000000000000000000001111111111111111111111111111111111111111110000000000000000000000000000000000000000000000000000000000000000000000000000000000000000011111111111
00000000001111111111111111111111111111111111100000000000000000000000000000000000000000000000000000000000000000000111111111111111111111111111111111111111111000000000000000000000000000000000000000000000000000000000000000000000000000000000000000000011111111111
00000000001111111111111111111111111111111111100000000000000000000000000000000000000000000000000000000000000000001111111111111111111111111111111111111111100000000000000000000000000000000000000000000000000000000000000000000000000000000000000000000011111111111
00000000001111111111111111111111111111111111100000000000000000000000000000000000000000000000000000000000000000001111111111111111111111111111111111111111111111111111111111111111111111111111111111111111111111111111111111111111111111111111111111111111111111111
00000000011111111111111111111111111111111111111111111111111111111111111111111111111111111111111111111111111111111111111111111111111111111111111111111111111111111111111111111111111111111111111111111111111111111111111111111111111111111111111111111111111111111
00000001111111111111111111111111111111111111111111111111111111111111111111111111111111111111111111111111111111111111111111111111111111111111111111111111111111111111111111111111111111111111111111111111111111111111111111111111111111111111111111111111111111111
00000011111111111111111111111111111111111111111111111111111111111111111111111111111111111111111111111111111111111111111111111111111111111111111111111111111111111111111111111111111111111111111111111111111111111111111111111111111111111111111111111111111111111
00000011111111111111111111111111111111111111111111111111111111111111111111111111111111111111111111111111111111111111111111111111111111111111111111111111111111111111111111111111111111111111111111111111111111111111111111111111111111111111111111111111111111111
00000111111111111111111111111111111111111111111111111111111111111111111111111111111111111111111111111111111111111111111111111111111111111111111111111111111111111111111111111111111111111111111111111111111111111111111111111111111111111111111111111111111111111
11111111111111111111111111111111111111111111111111111111111111111111111111111111111111111111111111111111111111111111111111111111111111111111111111111111111111111111111111111111111111111111111111111111111111111111111111111111111111111111111111111111111111111
11111111111111111111111111111111111111111111111111111111111111111111111111111111111111111111111111111111111111111111111111111111111111111111111111111111111111111111111111111111111111111111111111111111111111111111111111111111111111111111111111111111111111111
