00000000000000000000000000000000000000000000000000000111111111111111111111111111111111111111111111111111111111111111111111111111111111111111111111111111110011111111111111111111111111111111111111111111111111111111111111111111111111111111111111111111111111111
00000000000000000000000000000000000000000000000000000111111111111111111111111111111111111111111111111111111111111111111111111111111111111111111111111111110011111111111111111111111111111111111111111111111111111111111111111111111111111111111111111111111111111
00000000000000000000000000000000000000000000000000000111111111111111111111111111111111111111111111111111111111111111111111111111111111111111111111111111111111111111111111111111111111111111111111111111111111111111111111111111111111111111111111111111111111111
00000000000000000000000000000000000000000000000000000111111111111111111111111111111111111111111111111111111111111111111111111111111111111111111111111111111111111111111111111111111111111111111111111111111111111111111111111111111111111111111111111111111111111
00000000000000000000000000000000000000000000000000001111111111111111111111111111111111111111111111111111111111111111111111111111111111111111111111111111111111111111111111111111111111111111111111111111111111111111111111111111111111111111111111111111111111111
00000000000000000000000000000000000000000000000000011111111111111111111111111111111111111111111111111111111111111111111111111111111111111111111111111111111111111111111111111111111111111111111001111111111111111111111111111111111111111111111111111111111111111
00000000000000000000000000000000000000000000000000011111111111111111111111111111111111111111111111111111111111111111111111111111110000000000111111111111111111111111110000000000000000000000000000000000000011111111111111111111111111111111111111111111111111111
00000000000000000000000000000000000000000000000000011111111111111111111111111111111111111111111111111111111111111111111111111111100000000000000001111111111111111111110000000000000000000000000000000000000000011111111111111111111111111111111111111111111111111
00000000000000000000000000000000000000000000000000011111111111111111111111111111111111111111111111111111111111111111111111100000000000000000000001111111111111111111100000000000000000000000000000000000000000011111111111111111111111111111111111111111111111111
00000000000000000000000000000000000000000000000000111111111111111111111111111111111111111111111111111111111111111111100000000000000000000000000001111111111111111110000000000000000000000000000000000000000000111111111111111111111111111111111111111111111111111
00000000000000000000000000000000000000000000000000111111111111111111111111111111111111111111111111111111111111111111000000000000000000000000000000111111111111111110000000000000000000000000000000000000000000111111111111111111111111111111111111111111111111111
00000000000000000000000000000000000000000000000000111111111111111111111111111111111111111111111111111111111111111110000000000000000000000000000000111111111111111111000000000000000000000000000000000000000000111111111111111111111111111111111111111111111111111
00000000000000000000000000000000000000000000000000111111111111111111111111111111111111111111111111111111111111111000000000000000000000000000000000111111111111111100000000000000111111100000000000000000000000111111111111111111111111111111111111111111111111111
00000000000000000000000000000000000000000000000001111111111111111111111111111111111111111111111111111111111111111100000000000000000000000000000000111111111111111000000000000011111111111111111111001100000000111111111111111111111111111111111111111111111111111
00000000000000000000000000000000000000000000000001111111111111111111111111111111111111111111111111111111111111111110000000000000000000000000000001111111111111110000000000000111111111111111111111111100000000011111111111111111111111111111111111111111111111111
00000000000000000000000000000000000000000000000001111111111111111111111111111111111111111111111111111111111111111110000000000000000000000000000011111111111111100000000000001111111111111111111111111100000000011111111111111111111111111111111111111111111111111
00000000000000000000000000000000000000000000000001111111111111111111111111111111111111111111111111111111111111111110000000000000000000000000000011111111111111000000000000001111111111111111111111111000000000011111111111111111111111111111111111111111111111111
00000000000000000000000000000000000000000000000001111111111111111111111111111111111111111111111111111111111111111110000000000000000000000000000011111111111110000000000000011111111111111111111111111000000000011111111111111111111111111111111000000001111111111
00000000000000000000000000000000000000000000000011111111111111111111111111111101111111111111111111111111111111111110000000000000000000000000000011111111111100000000000000111111111111111111111111111000000000011111111111111111111111111111110000000011111111111
00000000000000000000000000000000000000000000000111111111111111111111111111111000111111111111111111111111111111111100000000000000000000000000000011111111111000000000000001111111111111111111111111111000000000001111111111111111111111111100000000000011111111111
00000000000000000000000000000000000000000000000111111111111111111111111111110000000011111111111111111111111111111000000000000000000000000000001111111111111000000000000001111111111111111111111111111000000000000111111111111111111111000000000000000011111111111
00000000000000000000000000000000000000000000000111111111111111111111111111000000000000000111111111111111111111111000000000000000000000000000011111111111111000000000000011111111111111111111111111111000000000001111111111111111111100000000000000000111111111111
00000000000000000000000000000000000000000000000111111111111111111111111110000000000000000000011111111111111111111000000000000000000000000000111111111111110000000000000011111111111111111111111111111000000000001111111111111111111000000000000000000111111111111
00000000000000000000000000000000000000000000000111111111111111111111111100000000000000000000000000111111111111111000000000000000000000000001111111111111000000000000000011111111111111111111111111110000000000011111111111111111100000000000000000000111111111111
00000000000000000000000000000000000000000000000111111111111111111111111110000000000000000000000000000011111111111000000000000000000000000011111111111111000000000000000111111111111111111111111111100000000000011111111111111111000000000000000000001111111111111
00000000000000000000000000000000000000000000000111111111111111111111111110000000000000000000000000000000100111110000000000000000000000000011111111111111000000000000000111111111111111111111111111000000000000111111111111111100000000000000000000001111111111111
00000000000000000000000000000000000000000000000111111111111111111111111110000000000000000000000000000000000000000000000000000000000000000011111111111111000000000000000111111111111111111111111100000000000000111111111111111100000000000000000000001111111111111
00000000000000000000000000000000000000000000000111111111111111111111111110000000000000000000000000000000000000000000000000000000000000000011111111111110000000000000000111111111111111111111111110000000000001111111111111111000000000000000000000001111111111111
00000000000000000000000000000000000000000000000111111111111111111111111110000000000000000000000000000000000000000000000000000000000000000011111111111100000000000000000111111111111111111111111110000000000001111111111111100000000000000000000000001111111111111
00000000000000000000000000000000000000000000000111111111111111111111111100000000000000000000000000000000000000000011110000000000000000000011111111111100000000000000000111111111111111111111111110000000000011111111111111000000000000000000000000001111111111111
00000000000000000000000000000000000000000000000111111111111111111111110000000000000000000000000000000000000000000111111000000000000000000001111111111000000000000000001111111111111111111111111110000000000011111111111110000000000000000000000000001111111111111
00000000000000000000000000000000000000000000000011111111111111111111110000000000000000000000000000000000000000011111111110000000000000000011111111111000000000000000001111111111111111111111111110000000000111111111111100000000000000000000000000001111111111111
00000000000000000000000000000000000000000000000011111111111111111111110000000000000000000000000000000000000000111111111111000000000000000111111111110000000000000000001111111111111111111111111110000000000111111111111000000000000000000000000000000111111111111
00000000000000000000000000000000000000000000000001111111111111111111110000000000000000000000000000000000000001111111111111110000000000000111111111100000000000000000001111111111111111111111111100000000001111111111110000000000000000000000000000000000001111111
00000000000000000000000000000000000000000000000001111111111111111111100000000000000000000000000000000000000000011111111111111000000000001111111111100000000000000000001111111111111111111111111110000011111111111111100000000000000000000000000000000000001111111
00000000000000000000000000000000000000000000000001111111111111111111000000000000000000000000000000000000000000001111111111111110000000011111111111100000000000000000001111111111111111111111111110000111111111111111000000000000000000000000000000000000001111111
00000000000000000000000000000000000000000000000000111111111111111110000000000000000000000000000000000000000000000011111111111111000000111111111111100000000000000000011111111111111111111111111110001111111111111110000000000000000000000000000000000000001111111
00000000000000000000000000000000000000000000000000111111111111111110000000000000000000000000000000000000000000000011111111111111110001111111111111100000000000000000111111111111111111111111111110011111111111111110000000000000000000000000000000000000001111111
00000000000000000000000000000000000000000000000000011111111111111100000000000000000000000000000000000000000000000011111111111111111001111111111111100000000000000000111111111111111111111111111110011111111111111100000000000000000000000000000000000000001111111
00000000000000000000000000000000000000000000000000011111111111111000000000000000000000000000000000000000000000000011111111111111111111111111111111100000000000000000111111111111111111111111111100011111111111111000000000000000000000000000000000000000011111111
00000000000000000000000000000000000000000000000000001111111111110000000000000000000000000000000000000000000000000011111111111111111111111111111111100000000000000000111111111111111111111111111000011111111111111000000000000000000000000000000000000000111111111
00000000000000000000000000000000000000000000000000001111111111110000000000000000000000000000000000000000000000000011111111111111111111111111111111100000000000000000111111111111111111111111100000011111111111110000000000000000000000000000000000000000111111111
00000000000000000000000000000000000000000000000000001111111111110000000000000000000000000000000000000000000000000011111111111111111111111111111111100000000000000000111111111111111111111111000000011111111111111000000000000000000000000000000000000000111111111
00000000000000000000000000000000000000100000000000001111111111100000000000000000000000000000000000000000000000000011111111111111111111111111111111100000000000000000011111111111111111111111000000011111111111111111000000000000000000000000000000000000111111111
00000000000000000000000000000000000000110000000000001111111100000000000000000000000000000000000000000000000000000001111111111111111111111111111111100000000000000000000001111111111111111110000000011111111111111111111000000000000000000000000000000000111111111
00000000000000000000000000000000000001111100000000000111111100000000000000000000000000000000000000000000000000000000011111111111111111111111111111000000000000000000000001111111111111111110000000011111111111111111111111000000000000000000000000000000111111111
00000000000000000000000000000000000011111111110000001111111100000000000000000000000000000000000000000000000000000000011111111111111111111111111110000000000000000000000000111111111111111100000000011111111111111111111111110000000000000000000000000000111111111
00000000000000000000000000000000000111111111100000011111111100000000000000000000000000000000000000000000000000000000011111111111111111111111111100000000000000000000000000011111111111111100000000011111111111111111111111111000000000000000000000000000111111111
00000000000000000000000000000000000111111111100000011111111100000000000000000000000000000000000000000000000000000000011111111111111111111111111110000000000000000000000000000111111111111000000000011111111111111111111111111100000000000000000000000000111111111
00000000000000000000000000000000001111111111000000111111111100000000000000000000000000000000000000000000000000000000001111111111111111111111111111100000000000000000000000000000000000001000000000011111111111111111111111111100000000000000000000000000011111111
00000000000000000000000000000000011111111110000000111111111100000000000000000000000000000000000000000000000000000000000001111111111111111111111111110000000000000000000000000000000000000000000000001111111111111111111111111100000000000000000000000000001111111
00000000000000000000000000000000111111111110000000111111111000000000000000000000000000000000000000000000000000000000000000111111111111111111111111111100000000000000000000000000000000000000000000001111111111111111111111111100000000000000000000000000001111111
00000000000000000000000000000000111111111100000000111111110000000000000000000000000000000000000000000000000000000000000000011111111111111111111111111110000000000000000000000000000000000000000000011111111111111111111111111100000000000000000000000000001111111
00000000000000000000000000000001111111111000000001111111100000000000000000000000000000000000000000000000000000000000000000001111111111111111111111111111100000000000000000000000000000000000000000011111111111111111111111111100000000000000000000000000001111111
11100000000000000000000000000011111111111000000011111111100000000000000000000000000000000000000000000000000000000000000000000011111111111111111111111111110000000000000000000000000000000000000000011111111111111111111111111000000000000000000000000000001111111
11110000000000000000000000000011111111110000000011111111100000000000000000000000000000000000000000000000000000000000000000000000111111111111111111111111111100000000000000000000000000000000000000011111111111111111111111111000000000000000000000000000000111111
11110000000000000000000000000111111111100000000011111111000000000000000000000000000000000000000000000000000000000000000000000000111111111111111111111111111110000000000000000000000000000000000000011111111111111111111111111000000000000000000000000000000011111
11110000000000000000000000001111111111100000000011111111000000000000000000000000000000000000000000000000000000000000000000000000011111111111111111111111111111000000000000000000000000000000000000001111111111111111111111110000000000000000000000000000000011111
11110000000000000000000000011111111111100000000011111111000000000000000000000000000000000000000000000000000000000000000000000000001111111111111111111111111111110000000000000000000000000000000000000011111111111111111111110000000000000000000000000000000011111
11111000000000000000000000011111111111110000000001111110000000000000000000000000000000000000000000000000000000000000000000000000000111111111111111111111111111111000000000000000000000000000000000000011111111111111111111100000000000000000000000000000000011111
11111111000000000000000000111111111111110000000000000000000000000000000000000000000000000000000000000000000000000000000000000000000011111111111111111111111111111110000000000000000000000000000000000011111111111111111111100000000000000000000000000000000111111
11111111110000000000000001111111111111110000000000000000000000000000000000000000000000000000000000000000000000000000000000000000000001111111111111111111111111111111000000000000000000000000000000000011111111111111111111000000000000000000000000000000000111111
11111111111110000000000001111111111111110000000000000000000000000000000000000000000000000000000000000000000000000000000000000000000000000111111111111111111111111111110000000000000000000000000000000001111111111111111111000000000000000000000000000000000111111
11111111111111110000000011111111111111110000000000000000000000000000000000000000000000000000000000000000000000000000000000000000000000000111111111111111111111111111111000000000000000000000000000000000111111111111111110000000000000000000000000000000000111111
11111111111111111100000111111111111111110000000000000000000000000000000000000000000000000000000000000000000000000000000000000000000000000111111111111111111111111111111110000000000000000000000000000000011111111111111100000000000000000000000000000000001111111
11111111111111111111100111111111111111110000000000000000000000000000000000000000000000000000000000000000000000000000000000000000000000000011111111111111111111111111111111000000000000000000000000000000011111111111110000000000000000000000000000000000001111111
11111111111111111111111111111111111111100000000000000000000000000000000000000000000000000000000000000000001111100000000000000000000000000001111111111111111111111111111111110000000000000000000000000000001111111111100000000000000000000000000000000000001111111
11111111111111111111111111111111111111000000000000000000000000000000000000000000000000000000000000000000011111110000000000000000000000000000001111111111111111111111111111111000000000000000000000000000000111111111100000000000000000000000000000000000011111111
11111111111111111111111111111111111111000000000000000000000000000000000000000000000000000000000000000000011111110000000000000000000000000000000111111111111111111111111111111100000000000000000000000000000011111111110000000000000000000000000000000000011111111
11111111111111111111111111111111111111000000000000000000000000000000000000000000000000000000000000000000011111110000000000000000000000000000000000000111111111111111111111111110000000000000000000000000000011111111111000000000000000000000000000000000011111111
11111111111111111111111111111111111111000000000000000000000000000000000000000000000000000000000000000000011111110000000000000000000000000000000000000011111111111111111111111100000000000000000000000000000001111111111100000000011111000000000000000000011111111
11111111111111111111111111111111111111000000000000000000000000000000000000000000000000000000000000000000111111110000000000000000000000000000000000000000111111111111111111111100000000000000000000000000000000111111111100001111111111100000000000000000111111111
11111111111111111111111111111111111111111100000000000000000000000000000000000000000000000000000000000000111111100000000000000000000000000000000000000000011111111111111111111000000000000000000000000000000000011111111110011111111111110000000000000000111111111
11111111111111111111111111111111111111111111111100000000000000000000000000000000000000000000000000000000111111110000000000000000000000000000000000000000001111111111111111111000000000000000000000000000000000011111111111011111111111110000000000000000111111111
11111111111111111111111111111111111111111111111110000000000000000000000000000000000000000000000000000000111111111000000000000000000000000000000000000000000111111111111111111000000001100000000000000000000000001111111111011111111111110000000000000000111111111
11111111111111111111111111111111111111111111111111000000000000000000000000000000000000000000000000000001111111111000000000000000000000000000000000000000000001111111111111111000000001110000000000000000000000000111111111111111111111110000000000000001111111111
11111111111111111111111111111111111111111111111111000000000000000000000000000000000000000000000000000001111111111000000000000011111100000000000000000000000000011111111111111000000011111100000000000000000000000011111111111111111111110000000000000001111111111
11111111111111111111111111111111111111111111111111111000000000000000000000000000000000000000000000000001111111111000000000000111111111000000000000000000000000001111111111111000000011111111000000000000000000000011111111111111111111110000000000000001111111111
11111111111111111111111111111111111111111111111111111111000000000000000000000000000000000000000000000011111111111000000000000111111111110000000000000000000000001111111111111000000111111111100000000000000000000001111111111111111111110000000000000011111111111
11111111111111111111111111111111111111111111111111111111110000000000000000000000000000000000000000000011111111110000000000000111111111111000000000000000000000000111111111110000000111111111111000000000000000000000111111111111111111110000000000000011111111111
11111111111111111111111111111111111111111111111111111111111110000000000000000000000000000000000000000011111111110000000000000111111111111110000000000000000000000000000010000000001111111111111111110000000000000000011111111111111111100000000000000011111111111
11111111111111111111111111111111111111111111111111111111111111110000000000000000000000000000000000000011111111110000000000000111111111111111100000000000000000000000000000000000001111111111111111111000000000000000011111111111111111100000000000000011111111111
11111111111111111111111111111111111111111111111111111111111111111100000000000000000000000000000000000011111111110000000000000011111111111111110000000000000000000000000000000000001111111111111111111100000000000000001111111111111111100000000000000111111111111
11111111111111111111111111111111111111111111111111111111111111111111100000000000000000000000000000000001111111100000000000000001111111111111111111111000000000000000000000000000001111111111111111111110000000000000000111111111111111110000000000000111111111111
11111111111111111111111111111111111111111111110011111111111111111111111100000000000000000000000000000011111111100000000000000000011111111111111111111111100001111100004333000000001111111111111111111111000000000000000011111111111111111000000000000111111111111
11111111111111111111111111111111111111110000000000011111111111111111111111000000000000000000000000000011111111100000000000000000000111111111111111111111111111111110004000300000001111111111111111111111100000000000000011111111111111111000000000001111111111111
11111111111111111111111111111111110000000000000000000011111111111111111111100000000000000000000000000011111111100000000000000000000001111111111111111111111111111110004000030000001111111111111111111111111000000000000001111111111111111100000000001111111111111
11111111111111111111111111111111100000000000000000000000111111111111111111110000000000000000000000000011111111100000000000000000000000011111111111111111111111111110004000003000001111111111111111111111111111000000000000111111111111111100000000001111111111111
11111111111111111111111111100000000000000000000000000000000111111111111111110000000000000000000000000011111111000000000000000000000000000111111111111111111111111110004000000300001111111111111111111111111111100000000000011111111111111100000000001111111111111
11111111111111111111111000000000000000000000000000000000000000111111111111110000000000000000000000000011111111000000000000000000000000000011111111111111111111111110004000000030000111111111111111111111111111110000000000011111111111111100000000011111111111111
11111111111111111110000000000000000000000000000000000000000000001111111111110000000000000000000000000011111111000000000000000000000000000000111111111111111111111100004000000130000001111111111111111111111111111000000000001111111111111100000000011111111111111
11111111111111111110000000000000000000000000000000000000000000000001111111110000000000000000000000000011111111000000000000000000000000000000011111111111111111110000004000000130000000011111111111111111111111111000000000000111111111111000000000011111111111111
11111111111111111100000000000000000000000000000000000000000000000000001111100000000000000000000000000111111111000000000000000000000000000000011111111111111111111000004000001030000000000111111111111111111111111110000000000111111111110000000000111111111111111
11111111111111111100000000000000000000000000000000000000000000000000000000000000000000000000000000000111111111000000000000000000000000000000001111111111111111111100004000001030000000000011111111111111111111111111000000000011111111110000000000111111111111111
11111111111111111000000000000000000000000000000000000000000000000000000000000000000000000000000000000111111110000000000000000000000000000000000000111111111111111100004000011030000000000000011111111111111111111111100000000001111111111000000000111111111111111
11111111111111111000000000000000000000000000000000000000000000000000000000000000000000000000000000001111111110000000000000000000000000000000000000000001111111111000004000011030000000000000001111111111111111111111110000000000111111111100000000111111111111111
11111111111111111000000000000000000000000000000000000000000000000000000000000000000000000000000001111111111110000000000000000000000000000000000000000000000011111000004000110030000000000000000111111111111111111111110000000000111111111100000001111111111111111
11111111111111110000000000000000000000000000000000000000000000000000000000000000000000000000000011111111111111000000000000000000000000000000000000000000000011110000004000110030000000000000000000111111111111111111111000000000011111111100000001111111111111111
11111111111111110000000000000000000000000000000000000000000000000000000000000000000000000000000011111111111111000000000000000000000000000000000000000000000011000000004001110030000000000000000000011111111111111111111000000000001111111100000001111111111111111
11111111111111100000000000000000000000000000000000000000000000000000000000000000000000000000000011111111111111000000000000000000000000000000000000000000000000000000004001111030000000000000000000001111111111111111111000000000000111111100000001111111111111111
11111111111111100000000000000000000000000000000000000000000000000000000000000000000000000000000011111111111111000000000000000000000000000000000000111110000000000000004011111103000000000000000000000111111111111111111000000000000011111000000011111111111111111
11111111111111000000000000000000000000000000000000000000000000000000000000000000000000000000000011111111111111100000000000000000000000000000000001111100000000000000004011111113000000000000000000000000111111111111111000000000000000000000000011111111111111111
11111111111111000000000000000000000000000000000000000000000000000000000000000000000000000000000011111111111111100000000000000000000000000000000001111000000000000000004111111113000000000000000000000000000111111111110000000011111100000000000011111111111111111
11111111111110000000000000000000000000000000000000000000000000000000000000000000000000000000000011111111111111111111100000000000000000000000000011111000000000000000004111111110300000000000000000000000000000111111000000000111111110000000000111111111111111111
11111111111110000000000000000000000000000000000000000000000000000000000000000000000000000000000011111111111111111111110000000000000000000000000111110000000000000000004111111110030000000000000000000000000000000000000000000111111111100000000111111111111111111
11111111111110000000000000000000000000000000000000000000000000000000000000000000000000000000000001111111111111111111110000000000000000000000000111110000000000000000014111111110003000000000000000000000000000000000000000000111111111111000000111111111111111111
11111111111100000000000000000000000000000000000000000000000000000000000000000000000000000000000001111111111111111111110000000000000000000000000111100000000000000000014111111110000300000000000000000000000000000000000000000111111111111110000111111111111111111
11111111111100000000000000000000000000000000000000000000000000000000000000000000000000000000000001111111111111111111110000000000000000000000000111000000000000000000014111111111000030000000000000000000000000000000000000000111111111111111001111111111111111111
11111111111000000000000000000000000000000000000000000000000000000000000000000000000000000000111110111111111111111111111111110000000000000000000111000000000000000000114111111111000003000000000000000000000000000000000000000011111111111111111111111111111111111
11111111111000000000000000000000000000000000000000000000000000000000000000000000000000000001111111111111111111111111111111111000000000000000000011000000000000000001114111111111000000300000000000000000000000000000000000000001111111111111111111111111111111111
11111111110000000000000000000000000000000000000000000000000000000000000000000000000000000001111111111111111111111111111111111000000000000000000000000000000000000001114111111111000000030000000000000000000000000000000000000000111111111111111111111111111111111
11111111110000000000000000000000000000000000000000000000000000000000000000000000000000000001111111111111111111111111111111111110000000000000000000000000000000000001114111111111000000003000000000000000000000000000000000000000111111111111111111111111111111111
11111111110000000000000000000000000000000000000000000000000000000000000000000000000000000001111111111111111111111111111111111111000000000000000000000000000000000011114111111111000000000300000000000000000000000000000000000000111111111111111111111111111111111
11111111110000000000000000000000000000000000000000000000000000000000000000000000000000000001111111111111111111111111111111111111000000000000000000000000000000000011114111111111000000000030000000000000000000000000000000000000111111111111111111111111111111111
11111111110000000000000000000000000000000000000000000000000000000000000000000000000000000000111111111111111111111111111111111111000000000000000000000000000000000111114111111111000000000003000000000000000000000000000000000000111111111111111111111111111111111
11111111110000000000000000000000000000000000000000000000000000000000000000000000000000000000000001111111111111111111111111111111000000000000000000011111000000001111114111111111000000000000300000000000000000000000000000000000111111111111111111111111111111111
11111111110000000000000000000000000000000000000000000000000000000000000000000000000000000000000001111111111111111111111111111111000000000000000000111111100000001111114111111111000000000000030000000000000000000000000000000000011111111111111111111111111111111
11111111100000000000000000000000000000000000000000000000000000000000000000000000000000000000111111111111111111111111111111111110000000000000000000111111100000001111114111111110000000000000003000000000000000000000000000000000001111111111111111111111111111111
11111111100000000000000000000000000000000000000011111110000000000000000000000000000000000001111111111111111111111111111111111110000000000000000011111111100000011111114111111100000000000000000300000000000000000000000000000000001111111111111111111111111111111
11111111100000000000000000000000000000000000000111111111110000000000000000000000000000000011111111111111111111111111111111111110000000000000000111111111100000011111114111111100000000000011111030000000000000000000000000000000001111111111111111111111111111111
11111111100000000000000000000000000000000000000111111111111000000000000000000000000000000111111111111111111111111111111111111110000000000000001111111111100000111111114111111110000000000111111103000000000000000000000000000000001111111111111111111111111111111
11111111100000000000000000000000000000000000000111111111111111100000000000000000000000000111111111111111111111111111111111111110000000000000001111111111000000111111111411111110000000000111111110300000000000000000000000000000000111111111111111111111111111111
11111111100000000000000000000000000000000000000111111111111111111100000000000000000000001111111111111111111111111111111111111100000000000000011111111110000000111111111141111110000000000111111110030000000000000000000000000000000111111111111111111111111111111
11111111100000000000000000000000000000000000000111111111111111111111111000000000000000011111111111111111111111111111111111111000000000000000011111111110000000111111111114111110000000000111111111103000000000000000000000000000000111111111111111111111111111111
11111111100000000000000000000000000000000000000011111111111111111111111111110000000000111111111111111111111111111111111111111000000000000000011111111100000001111111111111411110000000000111111111113000000000000000000000000000000111111111111111111111111111111
11111111100000000000000000000000000000000000000001111111111111111111111111111000000001111111111111111111111111111111111111110000000000000000011111111000000001111111111111141111000000000011111111113000000000000000000000000000000011111111111111111111111111111
11111111110000000000000000000000000000000000000011111111111111111111111111111111100011111111111111111111111111111111111111100000000000000000011111111000000001111111111111114111000000000011111111113000000000000000000000000000000001111111111111111111111111111
11111111110000000000000000000000000000000000000011111111111111111111111111111111111011111111111111111111111111111111111111000000000000000000011111110000000001111111111111111411000000000111111111113000000000000000000000000000000000111111111111111111111111111
11111111110000000000000000000000000000000000000011111111111111111111111111111111111111111111111111111111111111111111110000000000000000000000111111110000000011111111111111111141000000011111111111113000000000000000000000000000000000111111111111111111111111111
11111111110000000000000000000000000000000000000111111111111111111111111111111111111111111111111111111111111111111111110000000000000000000000111111110000000011111111111111111114000000111111111111113000000000000000000000000000000000111111111111111111111111111
11111111110000000000000000000000000000000000000111111111111111111111111111111111111111111111111111111111111111111111110000000000000000000001111111110000000011111111111111111111400001111111111111113000000000000000000000000000000000111111111111111111111111111
11111111100000000000000000000000000000000000000111111111111111111111111111111111111111111111111111111111111111111111110000000000000000000001111111110000000011111111111111111111140011111111111111103000000000000000000000000000000000011111111111111111111111111
11111111110000000000000000000000000000000000000111111111111111111111111111111111111111111111111111111111111111111111100000000000000000000001111111100000000111111111111111111111114011111111111110003000000000000000000000000000000000011111111111111111111111111
11111111110000000000000000000000000000000000000111111111111111111111111111111111111111111111111111111111111111111110000000000000000000000011111111100000000111111111111111111111110411111111111100003000000000000000000000000000000000011111111111111100111111111
11111111111000000000000000000000000000000000000111111111111111111111111111111111111111111111111111111111111111111110000000000000000000000111111111000000000111111111111111111111110141111111110000003000000000000000000000000000000000001111111111111000000111111
11111111111100000000000000000000000000000000000111111111111111111111111111111111111111111111111111111111111111111100000000000000000000000111111111000000000111111111111111111111111114111111110000003000000000000000000000000000000000001111111111100000000111111
11111111111110000000000000000000000000000000000111111111111111111111111111111111111111111111111111111111111111111100000000000000000000000111111110000000001111111111111111111111111111411111100000003000000000000000000000000000000000001111111111000000000111111
11111111111111000000000000000000000000000000000111111111111111111111111111111111111111111111111111111111111111111100000000000000000000011111111110000000001111111111111111111111111111141110000000003000000000000000000000000000000000000111110000000000000111111
11111111111111100000000000000000000000000000000111111111111111111111111111111111111111111111111111111111111111111100000000000000000000111111111110000000001111111111111111111111111111114110000000003000000000000000000000000000000000000000000000000000000111111
11111111111111100000000000000000000000000000000111111111111111111111111111111111111111111111111111111111111111111000000000000000000000111111111100000000001111111111111111111111111111111400000000003000000000000000000000000000000000000000000000000000000111111
11111111111111110000000000000000000000000000000111111111111111111111111111111111111111111111111111111111111111111000000000000000000000111111111000000000111111111111111111111111111111111140000000003000000000000000000000000000000000000000000000000000000111111
11111111111111111000000000000000000000000000000111111111111111111111111111111111111111111111111111111111111111111000000000000000000011111111111000000000111111111111111111111111111111111004000000003000000000000000000000000000000000000000000000000000000111111
11111111111111111100000000000000000000000000000111111111111111111111111111111111111111111111111111111111111111111000000000000000000011111111111000000000011111111111111111111111111111110000400000003000000000000000000000000000000000000000000000000000000111111
11111111111111111110000000000000000000000000000111111111111111111111111111111111111111111111111111111111111111111000000000000000000111111111110000000001011111111111111111111111111111100000040000003000000000000000000000000000000000000000000000000000000111111
11111111111111111111000000000000000000000000000011111111111111111111111111111111111111111111111111111111111111110000000000000000000111111111100000000001111111111111111111111111111110000000004000003000000000000000000000000000000000000000000000000000000111111
11111111111111111111000000000000000000000000000011111111111111111111111111111111111111111111111111111111111111100000000000000000000111111111100000000011111111111111111111111111111110000000000400003000000000000000000000000000000000000000000000000000000111111
11111111111111111111100000000000000000000000000001111111111111111111111111111111111111111111111111111111111111100000000000000000001111111111000000000011111111111111111111111111111100000000000040003000000000000000000000000000000000000000000000000000000111111
11111111111111111111110000000000000000000000000000000111111111111111111111111111111111111111111111111111111111000000000000000000001111111110000000000011111111111111111111111111110000000000000004003000000000000000000000000000000011111100000000000000000111111
11111111111111111111111000000000000000000000000000000001111111111111111111111111111111111111111111111111111110000000000000000000001111111100000000000111111111111111111111111111100000000000000000403000000000000000000000000000000111111110000000000000000111111
11111111111111111111111000000000000000000000000000000000111111111111111111111111111111111111111111111111111110000000000000000000011111111000000000001111111111111111111111111111000000000000000000043000000000000000000000000000000111111110000000000000000111111
11111111111111111111111100000000000000000000000000000000111111111111111111111111111111111111111111111111111110000000000000000000011111111000000000001111111111111111111111111100000000000000000000004000000000000000000000000000000111111110000000000000000111111
11111111111111111111111110000000000000000000000000000000011111111111111111111111111111111111111111111111111100000000000000000000111111110000000000011111111111111111111111111000000000000000000000003400000000000000000000000000011111111110000000000000000111111
11111111111111111111111111000000000000000000000000000000001111111111111111111111111111111111111111111111111100000000000000000000111111110000000001111111111111111111111111000000000000000000000000003040000000000000000000000000111111111110000000000000000111111
11111111111111111111111111100000000000000000000000000000000011111111111111111111111111111111111111111111111100000000000000000000111111110000000001111111111111111111111111000000000000000000000000003004000000000000000000000000111111111100000000000000000111111
11111111111111111111111111100000000000000000000000000001111111111111111111111111111111111111111111111111111100000000000000000001111111100000000000111111111111111111111110000000000000000000000000003000400000000000000000000000111111111000000000000000000111111
11111111111111111111111111110000000000000000000000000011111111111111111111111111111111111111111111111111111100000000000000000001111111100000000000011111111111111111111110000000000000000000000000003000040000000000000000000000111111111000000000000000000111111
11111111111111111111111111111000000000000000000000000111111111111111111111111111111111111111111111111111111000000000000000000001111111100000000000011111111111111111111100000000000000000000000000003000004000000000000000000000111111111000000000000000000111111
11111111111111111111111111111100000000000000000000000111111111111111111111111111111111111111111111111111111000000000000000000011111111000000000000011111111111111111000000000000000000000000000000003000000400000000000000000000111111110000000000000000000111111
11111111111111111111111111111110000000000000000000000111111111111111111111111111111111111111111111111111110000000000000000000011111110000000000000011111111111111110000000000000000000000000000000003000000040000000000000000000111111100000000000000000000111111
11111111111111111111111111111111000000000000000000111111111111111111111111111111111111111111111111111111110000000000000000000111111100000000000000011111111111111111000000000000000000000000000000003000000004000000000000000000111111100000000000000000000111111
11111111111111111111111111111111100000000000000011111111111111111111111111111111111111111111111111111111110000000000000000000111111100000000000000001111111111111111000000000000000000000000000000003000000000400000000000000000111111100000000000000000000111111
11111111111111111111111111111111100000000000011111111111111111111111111111111111111111111111111111111111110000000000000000000111111100000000000000000111111111111111000000000000000000000000000000003000000000040000000000000000111111100000000000000000000111111
11111111111111111111111111111111110000000000111111111111111111111111111111111111111111111111111111111111110000000000000000001111111100000000000000000111111111111111000000000000000000000000000000003000000000040000000000000000111111100000000000000000000111111
11100000001111111111111111111111111000000000111111111111111111111111111111111111111111111111111111111111100000000000000000001111111100000000000000000111111111111111000000000000000000000000000000003000000000040000000000000000111111100000000000000000001111111
00000000000011111111111111111111111100000000111111111111111111111111111111111111111111111111111111111000000000000000000000011111111100000000000000000001111111111111000000000000000000000000000000003000000000040000000000000000111111100000000000000000001111111
00000000000000111111111111111111111110000000111111111111111111111111111111111111111111111111111110000000000000000000000000011111111100000000000000000000111111111111000000000000000000000000000000003000000000040000000000000000111111100000000000000000001111111
00000000000000011111111111111111111110000000111111111111111111111111111111111111111111111111100000000000000000000000000000111111111000000000000000000000011111111111100000000000000000000000000000003000000000040000000000000000111111100000000000000000001111111
00000000000000011111111111111111111111000000111111110011111111111111111111111111111111111111000000000000000000000000000001111111111000000000000000000000011111111111100000000000000000000000000000003000001111141000000000000001111111100000000000000000001111111
00000000000000001111111111111111111111100000011111000011111111111111111111111111111111111110000000000000000000000000000001111111111000000000000000000000001111111111100000000000000000000000000000003000011111141111000000000011111111100000000000000000001111111
00000000000000000111111111111111111111110000000000000001111100000000000000000000000000000000000000000000000000000000000001111111111000000000000000000000001111111111100000000000000000000000000000003000011111141111100000000111111111100000000000000000001111111
00000000000000000011111111111111111111111000000000000000000000000000000000000000000000000000000000000000000000000000000001111111110000000000000000000000001111111111100000000000000000000000000000003011111111141111110000001111111111100000000000000000001111111
00000000000000000001111111111111111111111000000000000000000000000000000000000000000000000000000000000000000000000000000001111111110000000000000000000000001111111111000000000000000000000000000000003111111111141111111111111111111111100000000000000000001111111
00000000000000000000111111111111111111111100000000000000000000000000000000000000000000000000000000000000000000000000000011111111110000000000000000000000001111111100000000000000000000000000000000003111111111141111111111111111111111000000000000000000001111111
00000000000000000000011111111111111111111110000000000000000000000000000000000000000000000000000000000000000000000000000011111111100000000000000000000000011111111100000000000000000000000000000000003111111111141111111111111111111110000000000000000000001111111
00000000000000000000001111111111111111111111000000000000000000000000000000000000000000000000000000000000000000000000000011111111100000000000000000000000111111111100000000000000000000000000000000003111111111141111111111111111111111000000000000000000001111111
00000000000000000000000011111111111111111111100000000000000000000000000000000000000000000000000000000000000000000000000111111111000000000000000000000000111111111100000000000000000000000000000000003111111111141111111111111111111111000000000000000000001111111
00000000000000000000000001111111111111111111100000000000000000000000000000000000000000000000000000000000000000000000000111111110000000000000000000000000111111111100000000000000000000000000000000003011111111141111111111111111111111000000000000000000001111111
00000000000000000000000000111111111111111111110000000000000000001111111100000000000000000000000000000000000000000000000111111110000000000000000000000000111111111100000000000000000000000000000000003001111111141111111111111111111111000000000000000000001111111
00000000000000000000000000011111111111111111111000000000000000011111111111110000000000000000000000000000000000000000001111111110000000000000000000000000111111111100000000000000000000000000000000003000111111141111111111111111111111000000000000000000001111111
00000000000000000000000000001111111111111111111100000000000000011111111111111111000000000000000000000000000000000000001111111110000000000000000000000000111111111100000000000000000000000000000000003000011111141111111111111111111110000000000000000000001111111
00000000000000000000000000000111111111111111111111000000000000000111111111111111110000000000000000000000000000000000011111111110000000000000000000000001111111111111100000000000000000000000000000003000011111141111111111111111111110000000000000000000001111111
00000000000000000000000000000011111111111111111111100000000000000011111111111111100000000000000000000000000000000000011111111110000000000000000000000011111111111111110000000000000000000000000000003000001111141111111111111111111110000000000000000000001111111
00000000000000000000000000000111111111111111111111110000000000000011111111111111000000000000000000000000000000000000011111111110000000000000000000001111111111111111110000000000000000000000000000003000000000041111111111111111111110000000000000000000001111111
00000000000000000000000000001111111111111111111111110000000000000011111111111111000000000000000000000000000000000000111111111111000000000000000000011111111111111111110000000000000000000000000000003000000000041111111111111111111110000000000000000000001111111
00000000000000000000000000011111111111111111111111110000000000000001111111111110000000000000000000000000000000000000111111111111110000000000100000111111111111111111110000000000000000000000000000003000000000041111111111111111111100000000000000000000001111111
00000000000000000000000001111111111111111111111111110000000000000000000111111100000000000000000000000000000000000000111111111111111111111111111111111111111111111111110000000000000000000000000000003000000000041111111111111111111100000000000000000000001111111
00000000000000000000001111111111111111111111111111110000000000000000000000011100000000000000000000000000000000000001111111111111111111111111111111111111111111111111110000000000000000000000000000003000000000041111111111111111111100000000000000000000001111111
00000000000000000000011111111111111111111111111111100000000000000000000000000000000000000000000000000000000000000001111111111111111111111111111111111111111111111111100000000000000000000000000000003000000000040011111111111111111100000000000000000000001111111
00000000000000000000011111111111111111111111111111100000000000000000000000000000000000000000000000000000000000000011111111111111111111111111111111111111111111111111100000000000000000000000000000003000000000040011111111111111111100000000000000000000001111111
00000000000000000000011111111111111111111111111111100000000000000000000000000000000000000000000000000000000000000011111111111111111111111111111111111111111111111111000000000000000000000000000000003000000000040001111111111111111100000000000000000000001111111
00000000000000000000111111111111111111111111111111000000000000000000000000000000000000000000000000000000000000000011111111111111111111111111111111111111111111111111000000000000000000000000000000003000000000040001111111111111111000000000000000000000001111111
00000000000000000001111111111111111111111111111100000000000000000000000000000000000000000000000000000000000000000111111111111111111111111111111111111111111111111110000000000000000000000000000000000300000000040000111111111111111000000000000000000000001111111
00000000000000000001111111111111111111111111111000000000000000000000000000000000000000000000000000000000000000000111111111111111111111111111111111111111111111111100000000000000000000000000000000000030000000040000111111111111111000000000000000000000001111111
00000000000000000001111111111111111111111111111000000000000000000000000000000000000000000000000000000000000000001111111111111111111111111111111111111111111111111000000000000000000000000000000000000003000000040000111111111111110000000000000000000000001111111
00000000000000000001111111111111111111111111111000000000000000000000000000000000000000000000000000000000000000001111111111111111111111111111111111111111111111111000000000000000000000000000000000000000300000040000011111111111110000000000000000000000001111111
00000000000000000001111111111111111111111111111000000000000000000000000000000000000000000000000000000000000000001111111111111111111111111111111111111111111111111000000000000000000000000000000000000000030000040000011111111111110000000000000000000000001111111
00000000000000000001111111111111111111111111111000000000000000000000000000000000000000000000000000000000000000011111111111111111111111111111111111111111111111110000000000000000000000000000000000000000003000040000001111111111110000000000000000000000001111111
00000000000000000000111111111111111111111111111000000000000000000000000000000000000000000000000000000000000000011111111111111111111111111111111111111111111111100000000000000000000000000000000000000000000300040000000111111111100000000000000000000000001111111
00000000000000000000111111111111111111111111110000000000000000000000000000000000000000000000000000000000000000011111111111111111111111111111111111111111111111000000000000000000000000000000000000000000000030040000000000111111100000000000000000000000001111111
00000000000000000000111111111111111111111100000000000000000000000000000000000000000000000000000000000000000000111111111111111111111111111111111111111111111110000000000000000000000000000000000000000000000003040000000000111111100000000000000000000000001111111
00000000000000000000111111111111111110000000000000000000000000000000000000000000000000000000000000000000000000111111111111111111111111111111111111110000000000000000000000000000000000000000000000000000000000340000000000111111100000000000000000000000011111111
00000000000000000000111111111111111100000000000000000000000000000000000000000000000000000000000000000000000001111111111111111111111111111111111111100000000000000000000000000000000000000000000000000000000000040000000000111111100000000000000000000000011111111
00000000000000000000011111111111111000000000000000000000000000000000000000000000000000000000000000000000000001111111111111111111111111111100011111000000000000000000000000000000000000000000000000000000000000000000000000111111100000000000000000000000011111111
00000000000000000000000111111111000000000000000000000000000000000000000000000000000000000000000000000000000001111111111111111111111111111000000000000000000000000000000000000000000000000000000000000000000000000000000000111111110000000000000000000000011111111
00000000000000000000000011111110000000000000000000000000000000000000000000000000000000000000000000000000000011111111111111111111111100000000000000000000000000000000000000000000000000000000000000000000000000000000000000111111110000000000000000000000011111111
00000000000000000000000000000000000000000000000000000000000000000000000000000000000000000000000000000000000011111111111111111111100000000000000000000000000000000000000000000000000000000000000000000000000000000000000000111111111000000000000000000000011111111
00000000000000000000000000000000000000000000000000000000000000000000000000000000111111110000000000000000000011111111111111111111100000000000000000000000000000000000000000000000000000000000000000000000000000000000000000011111111000000000000000000000011111111
00000000000000000000000000000000000000000000000000000111111000000000000000001111111111111000000000000000011111111111111111111111000000000000000000000000000000000000000000000000000000000000000000000000000000000000000000011111111000000000000000000000011111111
00000000000000000000000000000000000000000000000000011111111100000000000001111111111111111000000000000000111111111111111111111100000000000000000000000000000000000000000000000000000000000000000000000000000000000000000000011111111100000000000000000000011111111
00000000000000000000000000000000000000000000000011111111111100000000000011111111111111111000000000000011111111111111111111110000000000000000000000000000000000000000000000000000000000000000000000000000000000000000000000011111111100000000000000000000011111111
00000000000000000000000000000000000000000000000111111111111110000000000111111111111111111000000000001111111111111111111111100000000000000000000000000000000000000000000000000000000000000000000000000000000000000000000000001111111110000000000000000000011111111
00000000000000000000000000000000000000000000011111111111111110000000000111111111111111111000000000111111111111111111111100000000000000000000000000000000000000000000000000000000000000000000000000000000000000000000000000001111111111000000000000000000011111111
00000000000000000000000000000000000000000000111111111111111110000000001111111111111111111000000001111111111111111111100000000000000000000000000000000000000000000000000000000000000000000000000000000000000000000000000000000111111111000000000000000000011111111
00000000000000000000000000000000000000000000111111111111111110000000011111111111111111111000000011111111111111110000000000000000000000000000000000000000000000000000000000000000000000000000000000000000000000000000000000000111111111000000000000000000011111111
00000000000000000000000000000000000000000001111111111111111110000000111111111111111111110000000011111111111111000000000000000000000000000000000000000000000000000000000000000000000000000000000000000000000000000000000000000011111111000000000000000000011111111
00000000000000000000000000000000000000000111111111111111111110000000111111111111111111000000000111111111111100000000000000000000000000000000000000000000000000000000000000011111111011111110011111110000000000000000000000000001111111000000000000000000011111111
00000000000000000000000000000000000001111111111111111111111110000001111111111111111111000000000111111111110000000000000000000000000000000000000000000000000000000000000001111111111111111111111111111000000000000000000000000001111111000000000000000000011111111
00000000000000000000000000000000000011111111111111111111111110000011111111111111111110000000001111111111100000000000000000000000000000000000000000000000000000000000000011111111111111111111111111111000000000000000000000000001111111000000000000000000011111111
00000000000000000000000000000000000011111111111111111111111100000011111111111111111110000000001111111100000000000000000000000000000000000000000000000000000000000000000011111111111111111111111111111000000000000000000000000001111111000000000000000000011111111
00000000000000000000000000000000000011111111111111111111111000000011111111111111111110000000011111111000000000000000000000000000000000000000000000000000000000000000000111111111111111111111111111111000000000000000000000000001111111000000000000000000011111111
00000000000000000000000000000000001111111111111111111111110000000011111111111111111110000000011111100000000000000000000000000000000000000000000000000000000000000000001111111111111111111111111111111000000000000000000000000000111110000000000000000000011111111
00000000000000000000000000000001111111111111111111111111100000000111111111111111111110000000111110000000000000000000000000000000000000000000000000000000000000000000001111111111111111111111111111110000000000000000000000000000000000000000000000000000011111111
00000000000000000000000000011111111111111111111111111111000000000111111111111111111110000000111000000000000000000000000000000000000000000000000000000000000000000000111111111111111111111111111111000000000000000000000000000000000000000000000000000000011111111
00000000000000000000000011111111111111111111111111111110000000000111111111111111111110000001100000000000000000000000000000000000000000000000000000000000000000000001111111111111111111111111111100000000000000000000000000000000000000000000000000000000011111111
00001111111000000000011111111111111111111111111111111100000000000111111111111111111100000000000000000000000000000000000000000000000000000000000000000000000000000011111111111111111111111111111000000000000000000000000000000000000000000000000000000000011111111
00011111111110000011111111111111111111111111111111110000000000000111111111111111100000000000000000000000000000000000000000000000000000000000000000000000000000001111111111111111111111111111100000000000000000000000000000000000000000000000000000000000011111111
00111111111111111111111111111111111111111111111111100000000000000111111111111111000000000000000000000000000000000000000000000000000000000000000000000000000000011111111111111111111111111110000000000000000000000000000000000000000000000000000000000000011111111
00111111111111111111111111111111111111111111111111000000000000000111111111111111000000000000000000000000000000000000000000000000000000000000000000000000000001111111111111111111111111111100000000000000000000000000000000000000000000000000000000000000011111111
00111111111111111111111111111111111111111111110000000000000000000011111111111110000000000000000000000000000000000000000000000000000000000000000000000000000011111111111111111111111111110000000000000000000000000000000000000000000000000000000000000000011111111
00111111111111111111111111111111111111111111100000000000000000000111111111111110000000000000000000000000000000000000000000000000000000000000000000000000000111111111111111111111111111000000000000000000000000000000000000000000000000000000000000000000011111111
00111111111111111111111111111111111111111100000000000000000000000111111111111100000000000000000000000000000000000000000000000000000000000000000000000000001111111111111111111111111110000000000000000000000000000000000000000000000000000000000000000000011111111
00011111111111111111111111111111111111111000000000000000000000000111111111111100000000000000000000000000000000000000000000000000000000000000000000000000111111111111111111111111111000000000000000000000000000000000000000000000000000000000000000000000011111111
00001111111111111111111111111111111111110000000000000000000000000111111111110000000000000000000000000000000000000000000000000000000000000000000000000001111111111111111111111111100000000000000000000000000000000000000000000000000000000000000000000000011111111
00001111111111111111111111111111111000000000000000000000000000000111111111000000000000000000000000000000000000000000000000000000000000000000000000000011111111111111111111111111000000000000000000000000000000000000000000000000000000000000000000000000011111111
00001111111111111111111111111110000000000000000000000000000000000111111100000000000000000000000000000000000000000000000000000000000000000000000000001111111111111111111111111100000000000000000000000000000000000000000000000000000000000000000000000000011111111
00001111111100001111111111111000000000000000000000000000000000000011111000000000000000000000000000000000000000000000000000000000000000000000000000011111111111111111111111111000000000000000000000000000000000000000000000000000000000000000000000000000011111111
00000111110000000001111111000000000000000000000000000000000000000000000000000000000000000000000000000000000000000000000000000000000000000000000001111111111111111111111111100000000000000000000000000000000000000000000000000000000000000000000000000000011111111
00000000000000000000000000000000000000000000000000000000000000000000000000000000000000000000000000000000000000000000000000000000000000001111111111111111111111111111111110000000000000000000000000000000000000000000000000000000000000000000000000000000011111111
00000000000000000000000000000000000000000000000000000000000000000000000000000000000000000000000000000000000000000000000000000000000001111111111111111111111111111111111100000000000000000000000000000000000000000000000000000000000000000000000000000000011111111
00000000000000000000000000000000000000000000000000000000000000000000000000000000000000000000000000000000000000000000000000000000001111111111111111111111111111111111110000000000000000000000000000000000000000000000000000000000000000000000000000000001111111111
00000000000000000000000000000000000000000000000000000000000000000000000000000000000000000000000000000000000000000000000000000001111111111111111111111111111111111111100000000000000000000000000000000000000000000000000000000000000000000000000000000011111111111
00000000000000000000000000000000000000000000000000000000000000000000000000000000000000000000000000000000000000000000000000001111111111111111111111111111111111111110000000000000000000000000000000000000000000000000000000000000000000000000000000000011111111111
00000000000000000000000000000000000011111111000000000000000000000000000000000000000000000000000000000000000000000000000000111111111111111111111111111111111111111000000000000000000000000000000000000000000000000000000000000000000000000000000000000011111111111
00000000011111110000000000000000001111111111100000000000000000000000000000000000000000000000000000000000000000000000000011111111111111111111111111111111111111110000000000000000000000000000000000000000000000000000000000000000000000000000000000000011111111111
00000000001111111111111000001111111111111111100000000000000000000000000000000000000000000000000000000000000000000000111111111111111111111111111111111111111111000000000000000000000000000000000000000000000000000000000000000000000000000000000000000011111111111
00000000001111111111111100111111111111111111100000000000000000000000000000000000000000000000000000000000000000000001111111111111111111111111111111111111111110000000000000000000000000000000000000000000000000000000000000000000000000000000000000000011111111111
00000000001111111111111111111111111111111111100000000000000000000000000000000000000000000000000000000000000000000111111111111111111111111111111111111111111000000000000000000000000000000000000000000000000000000000000000000000000000000000000000000011111111111
00000000001111111111111111111111111111111111100000000000000000000000000000000000000000000000000000000000000000001111111111111111111111111111111111111111100000000000000000000000000000000000000000000000000000000000000000000000000000000000000000000011111111111
00000000001111111111111111111111111111111111100000000000000000000000000000000000000000000000000000000000000000001111111111111111111111111111111111111111111111111111111111111111111111111111111111111111111111111111111111111111111111111111111111111111111111111
00000000011111111111111111111111111111111111111111111111111111111111111111111111111111111111111111111111111111111111111111111111111111111111111111111111111111111111111111111111111111111111111111111111111111111111111111111111111111111111111111111111111111111
00000001111111111111111111111111111111111111111111111111111111111111111111111111111111111111111111111111111111111111111111111111111111111111111111111111111111111111111111111111111111111111111111111111111111111111111111111111111111111111111111111111111111111
00000011111111111111111111111111111111111111111111111111111111111111111111111111111111111111111111111111111111111111111111111111111111111111111111111111111111111111111111111111111111111111111111111111111111111111111111111111111111111111111111111111111111111
00000011111111111111111111111111111111111111111111111111111111111111111111111111111111111111111111111111111111111111111111111111111111111111111111111111111111111111111111111111111111111111111111111111111111111111111111111111111111111111111111111111111111111
00000111111111111111111111111111111111111111111111111111111111111111111111111111111111111111111111111111111111111111111111111111111111111111111111111111111111111111111111111111111111111111111111111111111111111111111111111111111111111111111111111111111111111
11111111111111111111111111111111111111111111111111111111111111111111111111111111111111111111111111111111111111111111111111111111111111111111111111111111111111111111111111111111111111111111111111111111111111111111111111111111111111111111111111111111111111111
11111111111111111111111111111111111111111111111111111111111111111111111111111111111111111111111111111111111111111111111111111111111111111111111111111111111111111111111111111111111111111111111111111111111111111111111111111111111111111111111111111111111111111
